,comments,posts,followers,points,overview_page_views,analysis_page_views,markets_page_views,charts_page_views,trades_page_views,forum_page_views,influence_page_views,total_page_views,fb_likes,fb_talking_about,twitter_followers,twitter_following,twitter_lists,twitter_favourites,twitter_statuses,reddit_subscribers,reddit_active_users,reddit_posts_per_hour,reddit_posts_per_day,reddit_comments_per_hour,reddit_comments_per_day,code_repo_stars,code_repo_forks,code_repo_subscribers,code_repo_open_pull_issues,code_repo_closed_pull_issues,code_repo_open_issues,code_repo_closed_issues,code_repo_contributors,time
0,0,0,0,0,0,0,0,0,0,0,0,0,0,0,0,0,0,0,0,0,0,0,0,0,0,0,0,0,0,0,0,0,0,1483142400
1,0,0,0,0,0,0,0,0,0,0,0,0,0,0,0,0,0,0,0,0,0,0,0,0,0,0,0,0,0,0,0,0,0,1483228800
2,0,0,0,0,0,0,0,0,0,0,0,0,0,0,0,0,0,0,0,0,0,0,0,0,0,0,0,0,0,0,0,0,0,1483315200
3,0,0,0,0,0,0,0,0,0,0,0,0,0,0,0,0,0,0,0,0,0,0,0,0,0,0,0,0,0,0,0,0,0,1483401600
4,0,0,0,0,0,0,0,0,0,0,0,0,0,0,0,0,0,0,0,0,0,0,0,0,0,0,0,0,0,0,0,0,0,1483488000
5,0,0,0,0,0,0,0,0,0,0,0,0,0,0,0,0,0,0,0,0,0,0,0,0,0,0,0,0,0,0,0,0,0,1483574400
6,0,0,0,0,0,0,0,0,0,0,0,0,0,0,0,0,0,0,0,0,0,0,0,0,0,0,0,0,0,0,0,0,0,1483660800
7,0,0,0,0,0,0,0,0,0,0,0,0,0,0,0,0,0,0,0,0,0,0,0,0,0,0,0,0,0,0,0,0,0,1483747200
8,0,0,0,0,0,0,0,0,0,0,0,0,0,0,0,0,0,0,0,0,0,0,0,0,0,0,0,0,0,0,0,0,0,1483833600
9,0,0,0,0,0,0,0,0,0,0,0,0,0,0,0,0,0,0,0,0,0,0,0,0,0,0,0,0,0,0,0,0,0,1483920000
10,0,0,0,0,0,0,0,0,0,0,0,0,0,0,0,0,0,0,0,0,0,0,0,0,0,0,0,0,0,0,0,0,0,1484006400
11,0,0,0,0,0,0,0,0,0,0,0,0,0,0,0,0,0,0,0,0,0,0,0,0,0,0,0,0,0,0,0,0,0,1484092800
12,0,0,0,0,0,0,0,0,0,0,0,0,0,0,0,0,0,0,0,0,0,0,0,0,0,0,0,0,0,0,0,0,0,1484179200
13,0,0,0,0,0,0,0,0,0,0,0,0,0,0,0,0,0,0,0,0,0,0,0,0,0,0,0,0,0,0,0,0,0,1484265600
14,0,0,0,0,0,0,0,0,0,0,0,0,0,0,0,0,0,0,0,0,0,0,0,0,0,0,0,0,0,0,0,0,0,1484352000
15,0,0,0,0,0,0,0,0,0,0,0,0,0,0,0,0,0,0,0,0,0,0,0,0,0,0,0,0,0,0,0,0,0,1484438400
16,0,0,0,0,0,0,0,0,0,0,0,0,0,0,0,0,0,0,0,0,0,0,0,0,0,0,0,0,0,0,0,0,0,1484524800
17,0,0,0,0,0,0,0,0,0,0,0,0,0,0,0,0,0,0,0,0,0,0,0,0,0,0,0,0,0,0,0,0,0,1484611200
18,0,0,0,0,0,0,0,0,0,0,0,0,0,0,0,0,0,0,0,0,0,0,0,0,0,0,0,0,0,0,0,0,0,1484697600
19,0,0,0,0,0,0,0,0,0,0,0,0,0,0,0,0,0,0,0,0,0,0,0,0,0,0,0,0,0,0,0,0,0,1484784000
20,0,0,0,0,0,0,0,0,0,0,0,0,0,0,0,0,0,0,0,0,0,0,0,0,0,0,0,0,0,0,0,0,0,1484870400
21,0,0,0,0,0,0,0,0,0,0,0,0,0,0,0,0,0,0,0,0,0,0,0,0,0,0,0,0,0,0,0,0,0,1484956800
22,0,0,0,0,0,0,0,0,0,0,0,0,0,0,0,0,0,0,0,0,0,0,0,0,0,0,0,0,0,0,0,0,0,1485043200
23,0,0,0,0,0,0,0,0,0,0,0,0,0,0,0,0,0,0,0,0,0,0,0,0,0,0,0,0,0,0,0,0,0,1485129600
24,0,0,0,0,0,0,0,0,0,0,0,0,0,0,0,0,0,0,0,0,0,0,0,0,0,0,0,0,0,0,0,0,0,1485216000
25,0,0,0,0,0,0,0,0,0,0,0,0,0,0,0,0,0,0,0,0,0,0,0,0,0,0,0,0,0,0,0,0,0,1485302400
26,0,0,0,0,0,0,0,0,0,0,0,0,0,0,0,0,0,0,0,0,0,0,0,0,0,0,0,0,0,0,0,0,0,1485388800
27,0,0,0,0,0,0,0,0,0,0,0,0,0,0,0,0,0,0,0,0,0,0,0,0,0,0,0,0,0,0,0,0,0,1485475200
28,0,0,0,0,0,0,0,0,0,0,0,0,0,0,0,0,0,0,0,0,0,0,0,0,0,0,0,0,0,0,0,0,0,1485561600
29,0,0,0,0,0,0,0,0,0,0,0,0,0,0,0,0,0,0,0,0,0,0,0,0,0,0,0,0,0,0,0,0,0,1485648000
30,0,0,0,0,0,0,0,0,0,0,0,0,0,0,0,0,0,0,0,0,0,0,0,0,0,0,0,0,0,0,0,0,0,1485734400
31,0,0,0,0,0,0,0,0,0,0,0,0,0,0,0,0,0,0,0,0,0,0,0,0,0,0,0,0,0,0,0,0,0,1485820800
32,0,0,0,0,0,0,0,0,0,0,0,0,0,0,0,0,0,0,0,0,0,0,0,0,0,0,0,0,0,0,0,0,0,1485907200
33,0,0,0,0,0,0,0,0,0,0,0,0,0,0,0,0,0,0,0,0,0,0,0,0,0,0,0,0,0,0,0,0,0,1485993600
34,0,0,0,0,0,0,0,0,0,0,0,0,0,0,0,0,0,0,0,0,0,0,0,0,0,0,0,0,0,0,0,0,0,1486080000
35,0,0,0,0,0,0,0,0,0,0,0,0,0,0,0,0,0,0,0,0,0,0,0,0,0,0,0,0,0,0,0,0,0,1486166400
36,0,0,0,0,0,0,0,0,0,0,0,0,0,0,0,0,0,0,0,0,0,0,0,0,0,0,0,0,0,0,0,0,0,1486252800
37,0,0,0,0,0,0,0,0,0,0,0,0,0,0,0,0,0,0,0,0,0,0,0,0,0,0,0,0,0,0,0,0,0,1486339200
38,0,0,0,0,0,0,0,0,0,0,0,0,0,0,0,0,0,0,0,0,0,0,0,0,0,0,0,0,0,0,0,0,0,1486425600
39,0,0,0,0,0,0,0,0,0,0,0,0,0,0,0,0,0,0,0,0,0,0,0,0,0,0,0,0,0,0,0,0,0,1486512000
40,0,0,0,0,0,0,0,0,0,0,0,0,0,0,0,0,0,0,0,0,0,0,0,0,0,0,0,0,0,0,0,0,0,1486598400
41,0,0,0,0,0,0,0,0,0,0,0,0,0,0,0,0,0,0,0,0,0,0,0,0,0,0,0,0,0,0,0,0,0,1486684800
42,0,0,0,0,0,0,0,0,0,0,0,0,0,0,0,0,0,0,0,0,0,0,0,0,0,0,0,0,0,0,0,0,0,1486771200
43,0,0,0,0,0,0,0,0,0,0,0,0,0,0,0,0,0,0,0,0,0,0,0,0,0,0,0,0,0,0,0,0,0,1486857600
44,0,0,0,0,0,0,0,0,0,0,0,0,0,0,0,0,0,0,0,0,0,0,0,0,0,0,0,0,0,0,0,0,0,1486944000
45,0,0,0,0,0,0,0,0,0,0,0,0,0,0,0,0,0,0,0,0,0,0,0,0,0,0,0,0,0,0,0,0,0,1487030400
46,0,0,0,0,0,0,0,0,0,0,0,0,0,0,0,0,0,0,0,0,0,0,0,0,0,0,0,0,0,0,0,0,0,1487116800
47,0,0,0,0,0,0,0,0,0,0,0,0,0,0,0,0,0,0,0,0,0,0,0,0,0,0,0,0,0,0,0,0,0,1487203200
48,0,0,0,0,0,0,0,0,0,0,0,0,0,0,0,0,0,0,0,0,0,0,0,0,0,0,0,0,0,0,0,0,0,1487289600
49,0,0,0,0,0,0,0,0,0,0,0,0,0,0,0,0,0,0,0,0,0,0,0,0,0,0,0,0,0,0,0,0,0,1487376000
50,0,0,0,0,0,0,0,0,0,0,0,0,0,0,0,0,0,0,0,0,0,0,0,0,0,0,0,0,0,0,0,0,0,1487462400
51,0,0,0,0,0,0,0,0,0,0,0,0,0,0,0,0,0,0,0,0,0,0,0,0,0,0,0,0,0,0,0,0,0,1487548800
52,0,0,0,0,0,0,0,0,0,0,0,0,0,0,0,0,0,0,0,0,0,0,0,0,0,0,0,0,0,0,0,0,0,1487635200
53,0,0,0,0,0,0,0,0,0,0,0,0,0,0,0,0,0,0,0,0,0,0,0,0,0,0,0,0,0,0,0,0,0,1487721600
54,0,0,0,0,0,0,0,0,0,0,0,0,0,0,0,0,0,0,0,0,0,0,0,0,0,0,0,0,0,0,0,0,0,1487808000
55,0,0,0,0,0,0,0,0,0,0,0,0,0,0,0,0,0,0,0,0,0,0,0,0,0,0,0,0,0,0,0,0,0,1487894400
56,0,0,0,0,0,0,0,0,0,0,0,0,0,0,0,0,0,0,0,0,0,0,0,0,0,0,0,0,0,0,0,0,0,1487980800
57,0,0,0,0,0,0,0,0,0,0,0,0,0,0,0,0,0,0,0,0,0,0,0,0,0,0,0,0,0,0,0,0,0,1488067200
58,0,0,0,0,0,0,0,0,0,0,0,0,0,0,0,0,0,0,0,0,0,0,0,0,0,0,0,0,0,0,0,0,0,1488153600
59,0,0,0,0,0,0,0,0,0,0,0,0,0,0,0,0,0,0,0,0,0,0,0,0,0,0,0,0,0,0,0,0,0,1488240000
60,0,0,0,0,0,0,0,0,0,0,0,0,0,0,0,0,0,0,0,0,0,0,0,0,0,0,0,0,0,0,0,0,0,1488326400
61,0,0,0,0,0,0,0,0,0,0,0,0,0,0,0,0,0,0,0,0,0,0,0,0,0,0,0,0,0,0,0,0,0,1488412800
62,0,0,0,0,0,0,0,0,0,0,0,0,0,0,0,0,0,0,0,0,0,0,0,0,0,0,0,0,0,0,0,0,0,1488499200
63,0,0,0,0,0,0,0,0,0,0,0,0,0,0,0,0,0,0,0,0,0,0,0,0,0,0,0,0,0,0,0,0,0,1488585600
64,0,0,0,0,0,0,0,0,0,0,0,0,0,0,0,0,0,0,0,0,0,0,0,0,0,0,0,0,0,0,0,0,0,1488672000
65,0,0,0,0,0,0,0,0,0,0,0,0,0,0,0,0,0,0,0,0,0,0,0,0,0,0,0,0,0,0,0,0,0,1488758400
66,0,0,0,0,0,0,0,0,0,0,0,0,0,0,0,0,0,0,0,0,0,0,0,0,0,0,0,0,0,0,0,0,0,1488844800
67,0,0,0,0,0,0,0,0,0,0,0,0,0,0,0,0,0,0,0,0,0,0,0,0,0,0,0,0,0,0,0,0,0,1488931200
68,0,0,0,0,0,0,0,0,0,0,0,0,0,0,0,0,0,0,0,0,0,0,0,0,0,0,0,0,0,0,0,0,0,1489017600
69,0,0,0,0,0,0,0,0,0,0,0,0,0,0,0,0,0,0,0,0,0,0,0,0,0,0,0,0,0,0,0,0,0,1489104000
70,0,0,0,0,0,0,0,0,0,0,0,0,0,0,0,0,0,0,0,0,0,0,0,0,0,0,0,0,0,0,0,0,0,1489190400
71,0,0,0,0,0,0,0,0,0,0,0,0,0,0,0,0,0,0,0,0,0,0,0,0,0,0,0,0,0,0,0,0,0,1489276800
72,0,0,0,0,0,0,0,0,0,0,0,0,0,0,0,0,0,0,0,0,0,0,0,0,0,0,0,0,0,0,0,0,0,1489363200
73,0,0,0,0,0,0,0,0,0,0,0,0,0,0,0,0,0,0,0,0,0,0,0,0,0,0,0,0,0,0,0,0,0,1489449600
74,0,0,0,0,0,0,0,0,0,0,0,0,0,0,0,0,0,0,0,0,0,0,0,0,0,0,0,0,0,0,0,0,0,1489536000
75,0,0,0,0,0,0,0,0,0,0,0,0,0,0,0,0,0,0,0,0,0,0,0,0,0,0,0,0,0,0,0,0,0,1489622400
76,0,0,0,0,0,0,0,0,0,0,0,0,0,0,0,0,0,0,0,0,0,0,0,0,0,0,0,0,0,0,0,0,0,1489708800
77,0,0,0,0,0,0,0,0,0,0,0,0,0,0,0,0,0,0,0,0,0,0,0,0,0,0,0,0,0,0,0,0,0,1489795200
78,0,0,0,0,0,0,0,0,0,0,0,0,0,0,0,0,0,0,0,0,0,0,0,0,0,0,0,0,0,0,0,0,0,1489881600
79,0,0,0,0,0,0,0,0,0,0,0,0,0,0,0,0,0,0,0,0,0,0,0,0,0,0,0,0,0,0,0,0,0,1489968000
80,0,0,0,0,0,0,0,0,0,0,0,0,0,0,0,0,0,0,0,0,0,0,0,0,0,0,0,0,0,0,0,0,0,1490054400
81,0,0,0,0,0,0,0,0,0,0,0,0,0,0,0,0,0,0,0,0,0,0,0,0,0,0,0,0,0,0,0,0,0,1490140800
82,0,0,0,0,0,0,0,0,0,0,0,0,0,0,0,0,0,0,0,0,0,0,0,0,0,0,0,0,0,0,0,0,0,1490227200
83,0,0,0,0,0,0,0,0,0,0,0,0,0,0,0,0,0,0,0,0,0,0,0,0,0,0,0,0,0,0,0,0,0,1490313600
84,0,0,0,0,0,0,0,0,0,0,0,0,0,0,0,0,0,0,0,0,0,0,0,0,0,0,0,0,0,0,0,0,0,1490400000
85,0,0,0,0,0,0,0,0,0,0,0,0,0,0,0,0,0,0,0,0,0,0,0,0,0,0,0,0,0,0,0,0,0,1490486400
86,0,0,0,0,0,0,0,0,0,0,0,0,0,0,0,0,0,0,0,0,0,0,0,0,0,0,0,0,0,0,0,0,0,1490572800
87,0,0,0,0,0,0,0,0,0,0,0,0,0,0,0,0,0,0,0,0,0,0,0,0,0,0,0,0,0,0,0,0,0,1490659200
88,0,0,0,0,0,0,0,0,0,0,0,0,0,0,0,0,0,0,0,0,0,0,0,0,0,0,0,0,0,0,0,0,0,1490745600
89,0,0,0,0,0,0,0,0,0,0,0,0,0,0,0,0,0,0,0,0,0,0,0,0,0,0,0,0,0,0,0,0,0,1490832000
90,0,0,0,0,0,0,0,0,0,0,0,0,0,0,0,0,0,0,0,0,0,0,0,0,0,0,0,0,0,0,0,0,0,1490918400
91,0,0,0,0,0,0,0,0,0,0,0,0,0,0,0,0,0,0,0,0,0,0,0,0,0,0,0,0,0,0,0,0,0,1491004800
92,0,0,0,0,0,0,0,0,0,0,0,0,0,0,0,0,0,0,0,0,0,0,0,0,0,0,0,0,0,0,0,0,0,1491091200
93,0,0,0,0,0,0,0,0,0,0,0,0,0,0,0,0,0,0,0,0,0,0,0,0,0,0,0,0,0,0,0,0,0,1491177600
94,0,0,0,0,0,0,0,0,0,0,0,0,0,0,0,0,0,0,0,0,0,0,0,0,0,0,0,0,0,0,0,0,0,1491264000
95,0,0,0,0,0,0,0,0,0,0,0,0,0,0,0,0,0,0,0,0,0,0,0,0,0,0,0,0,0,0,0,0,0,1491350400
96,0,0,0,0,0,0,0,0,0,0,0,0,0,0,0,0,0,0,0,0,0,0,0,0,0,0,0,0,0,0,0,0,0,1491436800
97,0,0,0,0,0,0,0,0,0,0,0,0,0,0,0,0,0,0,0,0,0,0,0,0,0,0,0,0,0,0,0,0,0,1491523200
98,0,0,0,0,0,0,0,0,0,0,0,0,0,0,0,0,0,0,0,0,0,0,0,0,0,0,0,0,0,0,0,0,0,1491609600
99,0,0,0,0,0,0,0,0,0,0,0,0,0,0,0,0,0,0,0,0,0,0,0,0,0,0,0,0,0,0,0,0,0,1491696000
100,0,0,0,0,0,0,0,0,0,0,0,0,0,0,0,0,0,0,0,0,0,0,0,0,0,0,0,0,0,0,0,0,0,1491782400
101,0,0,0,0,0,0,0,0,0,0,0,0,0,0,0,0,0,0,0,0,0,0,0,0,0,0,0,0,0,0,0,0,0,1491868800
102,0,0,0,0,0,0,0,0,0,0,0,0,0,0,0,0,0,0,0,0,0,0,0,0,0,0,0,0,0,0,0,0,0,1491955200
103,0,0,0,0,0,0,0,0,0,0,0,0,0,0,0,0,0,0,0,0,0,0,0,0,0,0,0,0,0,0,0,0,0,1492041600
104,0,0,0,0,0,0,0,0,0,0,0,0,0,0,0,0,0,0,0,0,0,0,0,0,0,0,0,0,0,0,0,0,0,1492128000
105,0,0,0,0,0,0,0,0,0,0,0,0,0,0,0,0,0,0,0,0,0,0,0,0,0,0,0,0,0,0,0,0,0,1492214400
106,0,0,0,0,0,0,0,0,0,0,0,0,0,0,0,0,0,0,0,0,0,0,0,0,0,0,0,0,0,0,0,0,0,1492300800
107,0,0,0,0,0,0,0,0,0,0,0,0,0,0,0,0,0,0,0,0,0,0,0,0,0,0,0,0,0,0,0,0,0,1492387200
108,0,0,0,0,0,0,0,0,0,0,0,0,0,0,0,0,0,0,0,0,0,0,0,0,0,0,0,0,0,0,0,0,0,1492473600
109,0,0,0,0,0,0,0,0,0,0,0,0,0,0,0,0,0,0,0,0,0,0,0,0,0,0,0,0,0,0,0,0,0,1492560000
110,0,0,0,0,0,0,0,0,0,0,0,0,0,0,0,0,0,0,0,0,0,0,0,0,0,0,0,0,0,0,0,0,0,1492646400
111,0,0,0,0,0,0,0,0,0,0,0,0,0,0,0,0,0,0,0,0,0,0,0,0,0,0,0,0,0,0,0,0,0,1492732800
112,0,0,0,0,0,0,0,0,0,0,0,0,0,0,0,0,0,0,0,0,0,0,0,0,0,0,0,0,0,0,0,0,0,1492819200
113,0,0,0,0,0,0,0,0,0,0,0,0,0,0,0,0,0,0,0,0,0,0,0,0,0,0,0,0,0,0,0,0,0,1492905600
114,0,0,0,0,0,0,0,0,0,0,0,0,0,0,0,0,0,0,0,0,0,0,0,0,0,0,0,0,0,0,0,0,0,1492992000
115,0,0,0,0,0,0,0,0,0,0,0,0,0,0,0,0,0,0,0,0,0,0,0,0,0,0,0,0,0,0,0,0,0,1493078400
116,0,0,0,0,0,0,0,0,0,0,0,0,0,0,0,0,0,0,0,0,0,0,0,0,0,0,0,0,0,0,0,0,0,1493164800
117,0,0,0,0,0,0,0,0,0,0,0,0,0,0,0,0,0,0,0,0,0,0,0,0,0,0,0,0,0,0,0,0,0,1493251200
118,0,0,0,0,0,0,0,0,0,0,0,0,0,0,0,0,0,0,0,0,0,0,0,0,0,0,0,0,0,0,0,0,0,1493337600
119,0,0,0,0,0,0,0,0,0,0,0,0,0,0,0,0,0,0,0,0,0,0,0,0,0,0,0,0,0,0,0,0,0,1493424000
120,0,0,0,0,0,0,0,0,0,0,0,0,0,0,0,0,0,0,0,0,0,0,0,0,0,0,0,0,0,0,0,0,0,1493510400
121,0,0,0,0,0,0,0,0,0,0,0,0,0,0,0,0,0,0,0,0,0,0,0,0,0,0,0,0,0,0,0,0,0,1493596800
122,0,0,0,0,0,0,0,0,0,0,0,0,0,0,0,0,0,0,0,0,0,0,0,0,0,0,0,0,0,0,0,0,0,1493683200
123,0,0,0,0,0,0,0,0,0,0,0,0,0,0,0,0,0,0,0,0,0,0,0,0,0,0,0,0,0,0,0,0,0,1493769600
124,0,0,0,0,0,0,0,0,0,0,0,0,0,0,0,0,0,0,0,0,0,0,0,0,0,0,0,0,0,0,0,0,0,1493856000
125,0,0,0,0,0,0,0,0,0,0,0,0,0,0,0,0,0,0,0,0,0,0,0,0,0,0,0,0,0,0,0,0,0,1493942400
126,0,0,0,0,0,0,0,0,0,0,0,0,0,0,0,0,0,0,0,0,0,0,0,0,0,0,0,0,0,0,0,0,0,1494028800
127,0,0,0,0,0,0,0,0,0,0,0,0,0,0,0,0,0,0,0,0,0,0,0,0,0,0,0,0,0,0,0,0,0,1494115200
128,0,0,0,0,0,0,0,0,0,0,0,0,0,0,0,0,0,0,0,0,0,0,0,0,0,0,0,0,0,0,0,0,0,1494201600
129,0,0,0,0,0,0,0,0,0,0,0,0,0,0,0,0,0,0,0,0,0,0,0,0,0,0,0,0,0,0,0,0,0,1494288000
130,0,0,0,0,0,0,0,0,0,0,0,0,0,0,0,0,0,0,0,0,0,0,0,0,0,0,0,0,0,0,0,0,0,1494374400
131,0,0,0,0,0,0,0,0,0,0,0,0,0,0,0,0,0,0,0,0,0,0,0,0,0,0,0,0,0,0,0,0,0,1494460800
132,0,0,0,0,0,0,0,0,0,0,0,0,0,0,0,0,0,0,0,0,0,0,0,0,0,0,0,0,0,0,0,0,0,1494547200
133,0,0,0,0,0,0,0,0,0,0,0,0,0,0,0,0,0,0,0,0,0,0,0,0,0,0,0,0,0,0,0,0,0,1494633600
134,0,0,0,0,0,0,0,0,0,0,0,0,0,0,0,0,0,0,0,0,0,0,0,0,0,0,0,0,0,0,0,0,0,1494720000
135,0,0,0,0,0,0,0,0,0,0,0,0,0,0,0,0,0,0,0,0,0,0,0,0,0,0,0,0,0,0,0,0,0,1494806400
136,0,0,0,0,0,0,0,0,0,0,0,0,0,0,0,0,0,0,0,0,0,0,0,0,0,0,0,0,0,0,0,0,0,1494892800
137,0,0,0,0,0,0,0,0,0,0,0,0,0,0,0,0,0,0,0,0,0,0,0,0,0,0,0,0,0,0,0,0,0,1494979200
138,0,0,0,0,0,0,0,0,0,0,0,0,0,0,0,0,0,0,0,0,0,0,0,0,0,0,0,0,0,0,0,0,0,1495065600
139,0,0,0,0,0,0,0,0,0,0,0,0,0,0,0,0,0,0,0,0,0,0,0,0,0,0,0,0,0,0,0,0,0,1495152000
140,0,0,0,0,0,0,0,0,0,0,0,0,0,0,0,0,0,0,0,0,0,0,0,0,0,0,0,0,0,0,0,0,0,1495238400
141,0,0,0,0,0,0,0,0,0,0,0,0,0,0,0,0,0,0,0,0,0,0,0,0,0,0,0,0,0,0,0,0,0,1495324800
142,0,0,0,0,0,0,0,0,0,0,0,0,0,0,0,0,0,0,0,0,0,0,0,0,0,0,0,0,0,0,0,0,0,1495411200
143,0,0,0,0,0,0,0,0,0,0,0,0,0,0,0,0,0,0,0,0,0,0,0,0,0,0,0,0,0,0,0,0,0,1495497600
144,0,0,0,0,0,0,0,0,0,0,0,0,0,0,0,0,0,0,0,0,0,0,0,0,0,0,0,0,0,0,0,0,0,1495584000
145,0,0,0,0,0,0,0,0,0,0,0,0,0,0,0,0,0,0,0,0,0,0,0,0,0,0,0,0,0,0,0,0,0,1495670400
146,0,0,0,0,0,0,0,0,0,0,0,0,0,0,0,0,0,0,0,0,0,0,0,0,0,0,0,0,0,0,0,0,0,1495756800
147,0,0,0,0,0,0,0,0,0,0,0,0,0,0,0,0,0,0,0,0,0,0,0,0,0,0,0,0,0,0,0,0,0,1495843200
148,0,0,0,0,0,0,0,0,0,0,0,0,0,0,0,0,0,0,0,0,0,0,0,0,0,0,0,0,0,0,0,0,0,1495929600
149,0,0,0,0,0,0,0,0,0,0,0,0,0,0,0,0,0,0,0,0,0,0,0,0,0,0,0,0,0,0,0,0,0,1496016000
150,0,0,0,0,0,0,0,0,0,0,0,0,0,0,0,0,0,0,0,0,0,0,0,0,0,0,0,0,0,0,0,0,0,1496102400
151,0,0,0,0,0,0,0,0,0,0,0,0,0,0,0,0,0,0,0,0,0,0,0,0,0,0,0,0,0,0,0,0,0,1496188800
152,0,0,0,0,0,0,0,0,0,0,0,0,0,0,0,0,0,0,0,0,0,0,0,0,0,0,0,0,0,0,0,0,0,1496275200
153,0,0,0,0,0,0,0,0,0,0,0,0,0,0,0,0,0,0,0,0,0,0,0,0,0,0,0,0,0,0,0,0,0,1496361600
154,0,0,0,0,0,0,0,0,0,0,0,0,0,0,0,0,0,0,0,0,0,0,0,0,0,0,0,0,0,0,0,0,0,1496448000
155,0,0,0,0,0,0,0,0,0,0,0,0,0,0,0,0,0,0,0,0,0,0,0,0,0,0,0,0,0,0,0,0,0,1496534400
156,0,0,0,0,0,0,0,0,0,0,0,0,0,0,0,0,0,0,0,0,0,0,0,0,0,0,0,0,0,0,0,0,0,1496620800
157,0,0,0,0,0,0,0,0,0,0,0,0,0,0,0,0,0,0,0,0,0,0,0,0,0,0,0,0,0,0,0,0,0,1496707200
158,0,0,0,0,0,0,0,0,0,0,0,0,0,0,0,0,0,0,0,0,0,0,0,0,0,0,0,0,0,0,0,0,0,1496793600
159,0,0,0,0,0,0,0,0,0,0,0,0,0,0,0,0,0,0,0,0,0,0,0,0,0,0,0,0,0,0,0,0,0,1496880000
160,0,0,0,0,0,0,0,0,0,0,0,0,0,0,0,0,0,0,0,0,0,0,0,0,0,0,0,0,0,0,0,0,0,1496966400
161,0,0,0,0,0,0,0,0,0,0,0,0,0,0,0,0,0,0,0,0,0,0,0,0,0,0,0,0,0,0,0,0,0,1497052800
162,0,0,0,0,0,0,0,0,0,0,0,0,0,0,0,0,0,0,0,0,0,0,0,0,0,0,0,0,0,0,0,0,0,1497139200
163,0,0,0,0,0,0,0,0,0,0,0,0,0,0,0,0,0,0,0,0,0,0,0,0,0,0,0,0,0,0,0,0,0,1497225600
164,0,0,0,0,0,0,0,0,0,0,0,0,0,0,0,0,0,0,0,0,0,0,0,0,0,0,0,0,0,0,0,0,0,1497312000
165,0,0,0,0,0,0,0,0,0,0,0,0,0,0,0,0,0,0,0,0,0,0,0,0,0,0,0,0,0,0,0,0,0,1497398400
166,0,0,0,0,0,0,0,0,0,0,0,0,0,0,0,0,0,0,0,0,0,0,0,0,0,0,0,0,0,0,0,0,0,1497484800
167,0,0,0,0,0,0,0,0,0,0,0,0,0,0,0,0,0,0,0,0,0,0,0,0,0,0,0,0,0,0,0,0,0,1497571200
168,0,0,0,0,0,0,0,0,0,0,0,0,0,0,0,0,0,0,0,0,0,0,0,0,0,0,0,0,0,0,0,0,0,1497657600
169,0,0,0,0,0,0,0,0,0,0,0,0,0,0,0,0,0,0,0,0,0,0,0,0,0,0,0,0,0,0,0,0,0,1497744000
170,0,0,0,0,0,0,0,0,0,0,0,0,0,0,0,0,0,0,0,0,0,0,0,0,0,0,0,0,0,0,0,0,0,1497830400
171,0,0,0,0,0,0,0,0,0,0,0,0,0,0,0,0,0,0,0,0,0,0,0,0,0,0,0,0,0,0,0,0,0,1497916800
172,0,0,0,0,0,0,0,0,0,0,0,0,0,0,0,0,0,0,0,0,0,0,0,0,0,0,0,0,0,0,0,0,0,1498003200
173,0,0,0,0,0,0,0,0,0,0,0,0,0,0,0,0,0,0,0,0,0,0,0,0,0,0,0,0,0,0,0,0,0,1498089600
174,0,0,0,0,0,0,0,0,0,0,0,0,0,0,0,0,0,0,0,0,0,0,0,0,0,0,0,0,0,0,0,0,0,1498176000
175,0,0,0,0,0,0,0,0,0,0,0,0,0,0,0,0,0,0,0,0,0,0,0,0,0,0,0,0,0,0,0,0,0,1498262400
176,0,0,0,0,0,0,0,0,0,0,0,0,0,0,0,0,0,0,0,0,0,0,0,0,0,0,0,0,0,0,0,0,0,1498348800
177,0,0,0,0,0,0,0,0,0,0,0,0,0,0,0,0,0,0,0,0,0,0,0,0,0,0,0,0,0,0,0,0,0,1498435200
178,0,0,0,0,0,0,0,0,0,0,0,0,0,0,0,0,0,0,0,0,0,0,0,0,0,0,0,0,0,0,0,0,0,1498521600
179,0,0,0,0,0,0,0,0,0,0,0,0,0,0,0,0,0,0,0,0,0,0,0,0,0,0,0,0,0,0,0,0,0,1498608000
180,0,0,0,0,0,0,0,0,0,0,0,0,0,0,0,0,0,0,0,0,0,0,0,0,0,0,0,0,0,0,0,0,0,1498694400
181,0,0,0,0,0,0,0,0,0,0,0,0,0,0,0,0,0,0,0,0,0,0,0,0,0,0,0,0,0,0,0,0,0,1498780800
182,0,0,0,0,0,0,0,0,0,0,0,0,0,0,0,0,0,0,0,0,0,0,0,0,0,0,0,0,0,0,0,0,0,1498867200
183,0,0,0,0,0,0,0,0,0,0,0,0,0,0,0,0,0,0,0,0,0,0,0,0,0,0,0,0,0,0,0,0,0,1498953600
184,0,0,0,0,0,0,0,0,0,0,0,0,0,0,0,0,0,0,0,0,0,0,0,0,0,0,0,0,0,0,0,0,0,1499040000
185,0,0,0,0,0,0,0,0,0,0,0,0,0,0,0,0,0,0,0,0,0,0,0,0,0,0,0,0,0,0,0,0,0,1499126400
186,0,0,0,0,0,0,0,0,0,0,0,0,0,0,0,0,0,0,0,0,0,0,0,0,0,0,0,0,0,0,0,0,0,1499212800
187,0,0,0,0,0,0,0,0,0,0,0,0,0,0,0,0,0,0,0,0,0,0,0,0,0,0,0,0,0,0,0,0,0,1499299200
188,0,0,0,0,0,0,0,0,0,0,0,0,0,0,0,0,0,0,0,0,0,0,0,0,0,0,0,0,0,0,0,0,0,1499385600
189,0,0,0,0,0,0,0,0,0,0,0,0,0,0,0,0,0,0,0,0,0,0,0,0,0,0,0,0,0,0,0,0,0,1499472000
190,0,0,0,0,0,0,0,0,0,0,0,0,0,0,0,0,0,0,0,0,0,0,0,0,0,0,0,0,0,0,0,0,0,1499558400
191,0,0,0,0,0,0,0,0,0,0,0,0,0,0,0,0,0,0,0,0,0,0,0,0,0,0,0,0,0,0,0,0,0,1499644800
192,0,0,0,0,0,0,0,0,0,0,0,0,0,0,0,0,0,0,0,0,0,0,0,0,0,0,0,0,0,0,0,0,0,1499731200
193,0,0,0,0,0,0,0,0,0,0,0,0,0,0,0,0,0,0,0,0,0,0,0,0,0,0,0,0,0,0,0,0,0,1499817600
194,0,0,0,0,0,0,0,0,0,0,0,0,0,0,0,0,0,0,0,0,0,0,0,0,0,0,0,0,0,0,0,0,0,1499904000
195,0,0,0,0,0,0,0,0,0,0,0,0,0,0,0,0,0,0,0,0,0,0,0,0,0,0,0,0,0,0,0,0,0,1499990400
196,0,0,0,0,0,0,0,0,0,0,0,0,0,0,0,0,0,0,0,0,0,0,0,0,0,0,0,0,0,0,0,0,0,1500076800
197,0,0,0,0,0,0,0,0,0,0,0,0,0,0,0,0,0,0,0,0,0,0,0,0,0,0,0,0,0,0,0,0,0,1500163200
198,0,0,0,0,0,0,0,0,0,0,0,0,0,0,0,0,0,0,0,0,0,0,0,0,0,0,0,0,0,0,0,0,0,1500249600
199,0,0,0,0,0,0,0,0,0,0,0,0,0,0,0,0,0,0,0,0,0,0,0,0,0,0,0,0,0,0,0,0,0,1500336000
200,0,0,0,0,0,0,0,0,0,0,0,0,0,0,0,0,0,0,0,0,0,0,0,0,0,0,0,0,0,0,0,0,0,1500422400
201,0,0,0,0,0,0,0,0,0,0,0,0,0,0,0,0,0,0,0,0,0,0,0,0,0,0,0,0,0,0,0,0,0,1500508800
202,0,0,0,0,0,0,0,0,0,0,0,0,0,0,0,0,0,0,0,0,0,0,0,0,0,0,0,0,0,0,0,0,0,1500595200
203,0,0,0,0,0,0,0,0,0,0,0,0,0,0,0,0,0,0,0,0,0,0,0,0,0,0,0,0,0,0,0,0,0,1500681600
204,0,0,0,0,0,0,0,0,0,0,0,0,0,0,0,0,0,0,0,0,0,0,0,0,0,0,0,0,0,0,0,0,0,1500768000
205,0,0,0,0,0,0,0,0,0,0,0,0,0,0,0,0,0,0,0,0,0,0,0,0,0,0,0,0,0,0,0,0,0,1500854400
206,0,0,0,0,0,0,0,0,0,0,0,0,0,0,0,0,0,0,0,0,0,0,0,0,0,0,0,0,0,0,0,0,0,1500940800
207,0,0,0,0,0,0,0,0,0,0,0,0,0,0,0,0,0,0,0,0,0,0,0,0,0,0,0,0,0,0,0,0,0,1501027200
208,0,0,0,0,0,0,0,0,0,0,0,0,0,0,0,0,0,0,0,0,0,0,0,0,0,0,0,0,0,0,0,0,0,1501113600
209,0,0,0,0,0,0,0,0,0,0,0,0,0,0,0,0,0,0,0,0,0,0,0,0,0,0,0,0,0,0,0,0,0,1501200000
210,0,0,0,0,0,0,0,0,0,0,0,0,0,0,0,0,0,0,0,0,0,0,0,0,0,0,0,0,0,0,0,0,0,1501286400
211,0,0,0,0,0,0,0,0,0,0,0,0,0,0,0,0,0,0,0,0,0,0,0,0,0,0,0,0,0,0,0,0,0,1501372800
212,0,0,0,0,0,0,0,0,0,0,0,0,0,0,0,0,0,0,0,0,0,0,0,0,0,0,0,0,0,0,0,0,0,1501459200
213,0,0,0,0,0,0,0,0,0,0,0,0,0,0,0,0,0,0,0,0,0,0,0,0,0,0,0,0,0,0,0,0,0,1501545600
214,0,0,0,0,0,0,0,0,0,0,0,0,0,0,0,0,0,0,0,0,0,0,0,0,0,0,0,0,0,0,0,0,0,1501632000
215,0,0,0,0,0,0,0,0,0,0,0,0,0,0,0,0,0,0,0,0,0,0,0,0,0,0,0,0,0,0,0,0,0,1501718400
216,0,0,0,0,0,0,0,0,0,0,0,0,0,0,0,0,0,0,0,0,0,0,0,0,0,0,0,0,0,0,0,0,0,1501804800
217,0,0,0,0,0,0,0,0,0,0,0,0,0,0,0,0,0,0,0,0,0,0,0,0,0,0,0,0,0,0,0,0,0,1501891200
218,0,0,0,0,0,0,0,0,0,0,0,0,0,0,0,0,0,0,0,0,0,0,0,0,0,0,0,0,0,0,0,0,0,1501977600
219,0,0,0,0,0,0,0,0,0,0,0,0,0,0,0,0,0,0,0,0,0,0,0,0,0,0,0,0,0,0,0,0,0,1502064000
220,0,0,0,0,0,0,0,0,0,0,0,0,0,0,0,0,0,0,0,0,0,0,0,0,0,0,0,0,0,0,0,0,0,1502150400
221,0,0,0,0,0,0,0,0,0,0,0,0,0,0,0,0,0,0,0,0,0,0,0,0,0,0,0,0,0,0,0,0,0,1502236800
222,0,0,0,0,0,0,0,0,0,0,0,0,0,0,0,0,0,0,0,0,0,0,0,0,0,0,0,0,0,0,0,0,0,1502323200
223,0,0,0,0,0,0,0,0,0,0,0,0,0,0,0,0,0,0,0,0,0,0,0,0,0,0,0,0,0,0,0,0,0,1502409600
224,0,0,0,0,0,0,0,0,0,0,0,0,0,0,0,0,0,0,0,0,0,0,0,0,0,0,0,0,0,0,0,0,0,1502496000
225,0,0,0,0,0,0,0,0,0,0,0,0,0,0,0,0,0,0,0,0,0,0,0,0,0,0,0,0,0,0,0,0,0,1502582400
226,0,0,0,0,0,0,0,0,0,0,0,0,0,0,0,0,0,0,0,0,0,0,0,0,0,0,0,0,0,0,0,0,0,1502668800
227,0,0,0,0,0,0,0,0,0,0,0,0,0,0,0,0,0,0,0,0,0,0,0,0,0,0,0,0,0,0,0,0,0,1502755200
228,0,0,0,0,0,0,0,0,0,0,0,0,0,0,0,0,0,0,0,0,0,0,0,0,0,0,0,0,0,0,0,0,0,1502841600
229,0,0,0,0,0,0,0,0,0,0,0,0,0,0,0,0,0,0,0,0,0,0,0,0,0,0,0,0,0,0,0,0,0,1502928000
230,0,0,0,0,0,0,0,0,0,0,0,0,0,0,0,0,0,0,0,0,0,0,0,0,0,0,0,0,0,0,0,0,0,1503014400
231,0,0,0,0,0,0,0,0,0,0,0,0,0,0,0,0,0,0,0,0,0,0,0,0,0,0,0,0,0,0,0,0,0,1503100800
232,0,0,0,0,0,0,0,0,0,0,0,0,0,0,0,0,0,0,0,0,0,0,0,0,0,0,0,0,0,0,0,0,0,1503187200
233,0,0,0,0,0,0,0,0,0,0,0,0,0,0,0,0,0,0,0,0,0,0,0,0,0,0,0,0,0,0,0,0,0,1503273600
234,0,0,0,0,0,0,0,0,0,0,0,0,0,0,0,0,0,0,0,0,0,0,0,0,0,0,0,0,0,0,0,0,0,1503360000
235,0,0,0,0,0,0,0,0,0,0,0,0,0,0,0,0,0,0,0,0,0,0,0,0,0,0,0,0,0,0,0,0,0,1503446400
236,0,0,0,0,0,0,0,0,0,0,0,0,0,0,0,0,0,0,0,0,0,0,0,0,0,0,0,0,0,0,0,0,0,1503532800
237,0,0,0,0,0,0,0,0,0,0,0,0,0,0,0,0,0,0,0,0,0,0,0,0,0,0,0,0,0,0,0,0,0,1503619200
238,0,0,0,0,0,0,0,0,0,0,0,0,0,0,0,0,0,0,0,0,0,0,0,0,0,0,0,0,0,0,0,0,0,1503705600
239,0,0,0,0,0,0,0,0,0,0,0,0,0,0,0,0,0,0,0,0,0,0,0,0,0,0,0,0,0,0,0,0,0,1503792000
240,0,0,0,0,0,0,0,0,0,0,0,0,0,0,0,0,0,0,0,0,0,0,0,0,0,0,0,0,0,0,0,0,0,1503878400
241,0,0,0,0,0,0,0,0,0,0,0,0,0,0,0,0,0,0,0,0,0,0,0,0,0,0,0,0,0,0,0,0,0,1503964800
242,0,0,0,0,0,0,0,0,0,0,0,0,0,0,0,0,0,0,0,0,0,0,0,0,0,0,0,0,0,0,0,0,0,1504051200
243,0,0,0,0,0,0,0,0,0,0,0,0,0,0,0,0,0,0,0,0,0,0,0,0,0,0,0,0,0,0,0,0,0,1504137600
244,0,0,0,0,0,0,0,0,0,0,0,0,0,0,0,0,0,0,0,0,0,0,0,0,0,0,0,0,0,0,0,0,0,1504224000
245,0,0,0,0,0,0,0,0,0,0,0,0,0,0,0,0,0,0,0,0,0,0,0,0,0,0,0,0,0,0,0,0,0,1504310400
246,0,0,0,0,0,0,0,0,0,0,0,0,0,0,0,0,0,0,0,0,0,0,0,0,0,0,0,0,0,0,0,0,0,1504396800
247,0,0,0,0,0,0,0,0,0,0,0,0,0,0,0,0,0,0,0,0,0,0,0,0,0,0,0,0,0,0,0,0,0,1504483200
248,0,0,0,0,0,0,0,0,0,0,0,0,0,0,0,0,0,0,0,0,0,0,0,0,0,0,0,0,0,0,0,0,0,1504569600
249,0,0,0,0,0,0,0,0,0,0,0,0,0,0,0,0,0,0,0,0,0,0,0,0,0,0,0,0,0,0,0,0,0,1504656000
250,0,0,0,0,0,0,0,0,0,0,0,0,0,0,0,0,0,0,0,0,0,0,0,0,0,0,0,0,0,0,0,0,0,1504742400
251,0,0,0,0,0,0,0,0,0,0,0,0,0,0,0,0,0,0,0,0,0,0,0,0,0,0,0,0,0,0,0,0,0,1504828800
252,0,0,0,0,0,0,0,0,0,0,0,0,0,0,0,0,0,0,0,0,0,0,0,0,0,0,0,0,0,0,0,0,0,1504915200
253,0,0,0,0,0,0,0,0,0,0,0,0,0,0,0,0,0,0,0,0,0,0,0,0,0,0,0,0,0,0,0,0,0,1505001600
254,0,0,0,0,0,0,0,0,0,0,0,0,0,0,0,0,0,0,0,0,0,0,0,0,0,0,0,0,0,0,0,0,0,1505088000
255,0,0,0,0,0,0,0,0,0,0,0,0,0,0,0,0,0,0,0,0,0,0,0,0,0,0,0,0,0,0,0,0,0,1505174400
256,0,0,0,0,0,0,0,0,0,0,0,0,0,0,0,0,0,0,0,0,0,0,0,0,0,0,0,0,0,0,0,0,0,1505260800
257,0,0,0,0,0,0,0,0,0,0,0,0,0,0,0,0,0,0,0,0,0,0,0,0,0,0,0,0,0,0,0,0,0,1505347200
258,0,0,0,0,0,0,0,0,0,0,0,0,0,0,0,0,0,0,0,0,0,0,0,0,0,0,0,0,0,0,0,0,0,1505433600
259,0,0,0,0,0,0,0,0,0,0,0,0,0,0,0,0,0,0,0,0,0,0,0,0,0,0,0,0,0,0,0,0,0,1505520000
260,0,0,0,0,0,0,0,0,0,0,0,0,0,0,0,0,0,0,0,0,0,0,0,0,0,0,0,0,0,0,0,0,0,1505606400
261,0,0,0,0,0,0,0,0,0,0,0,0,0,0,0,0,0,0,0,0,0,0,0,0,0,0,0,0,0,0,0,0,0,1505692800
262,0,0,0,0,0,0,0,0,0,0,0,0,0,0,0,0,0,0,0,0,0,0,0,0,0,0,0,0,0,0,0,0,0,1505779200
263,0,0,0,0,0,0,0,0,0,0,0,0,0,0,0,0,0,0,0,0,0,0,0,0,0,0,0,0,0,0,0,0,0,1505865600
264,0,0,0,0,0,0,0,0,0,0,0,0,0,0,0,0,0,0,0,0,0,0,0,0,0,0,0,0,0,0,0,0,0,1505952000
265,0,0,0,0,0,0,0,0,0,0,0,0,0,0,0,0,0,0,0,0,0,0,0,0,0,0,0,0,0,0,0,0,0,1506038400
266,0,0,0,0,0,0,0,0,0,0,0,0,0,0,0,0,0,0,0,0,0,0,0,0,0,0,0,0,0,0,0,0,0,1506124800
267,0,0,0,0,0,0,0,0,0,0,0,0,0,0,0,0,0,0,0,0,0,0,0,0,0,0,0,0,0,0,0,0,0,1506211200
268,0,0,0,0,0,0,0,0,0,0,0,0,0,0,0,0,0,0,0,0,0,0,0,0,0,0,0,0,0,0,0,0,0,1506297600
269,0,0,0,0,0,0,0,0,0,0,0,0,0,0,0,0,0,0,0,0,0,0,0,0,0,0,0,0,0,0,0,0,0,1506384000
270,0,0,0,0,0,0,0,0,0,0,0,0,0,0,0,0,0,0,0,0,0,0,0,0,0,0,0,0,0,0,0,0,0,1506470400
271,0,0,0,0,0,0,0,0,0,0,0,0,0,0,0,0,0,0,0,0,0,0,0,0,0,0,0,0,0,0,0,0,0,1506556800
272,0,0,0,0,0,0,0,0,0,0,0,0,0,0,0,0,0,0,0,0,0,0,0,0,0,0,0,0,0,0,0,0,0,1506643200
273,0,0,0,0,0,0,0,0,0,0,0,0,0,0,0,0,0,0,0,0,0,0,0,0,0,0,0,0,0,0,0,0,0,1506729600
274,0,0,0,0,0,0,0,0,0,0,0,0,0,0,0,0,0,0,0,0,0,0,0,0,0,0,0,0,0,0,0,0,0,1506816000
275,0,0,0,0,0,0,0,0,0,0,0,0,0,0,0,0,0,0,0,0,0,0,0,0,0,0,0,0,0,0,0,0,0,1506902400
276,0,0,0,0,0,0,0,0,0,0,0,0,0,0,0,0,0,0,0,0,0,0,0,0,0,0,0,0,0,0,0,0,0,1506988800
277,0,0,0,0,0,0,0,0,0,0,0,0,0,0,0,0,0,0,0,0,0,0,0,0,0,0,0,0,0,0,0,0,0,1507075200
278,0,0,0,0,0,0,0,0,0,0,0,0,0,0,0,0,0,0,0,0,0,0,0,0,0,0,0,0,0,0,0,0,0,1507161600
279,0,0,0,0,0,0,0,0,0,0,0,0,0,0,0,0,0,0,0,0,0,0,0,0,0,0,0,0,0,0,0,0,0,1507248000
280,0,0,0,0,0,0,0,0,0,0,0,0,0,0,0,0,0,0,0,0,0,0,0,0,0,0,0,0,0,0,0,0,0,1507334400
281,0,0,0,0,0,0,0,0,0,0,0,0,0,0,0,0,0,0,0,0,0,0,0,0,0,0,0,0,0,0,0,0,0,1507420800
282,0,0,0,0,0,0,0,0,0,0,0,0,0,0,0,0,0,0,0,0,0,0,0,0,0,0,0,0,0,0,0,0,0,1507507200
283,0,0,0,0,0,0,0,0,0,0,0,0,0,0,0,0,0,0,0,0,0,0,0,0,0,0,0,0,0,0,0,0,0,1507593600
284,0,0,0,0,0,0,0,0,0,0,0,0,0,0,0,0,0,0,0,0,0,0,0,0,0,0,0,0,0,0,0,0,0,1507680000
285,0,0,0,0,0,0,0,0,0,0,0,0,0,0,0,0,0,0,0,0,0,0,0,0,0,0,0,0,0,0,0,0,0,1507766400
286,0,0,0,0,0,0,0,0,0,0,0,0,0,0,0,0,0,0,0,0,0,0,0,0,0,0,0,0,0,0,0,0,0,1507852800
287,0,0,0,0,0,0,0,0,0,0,0,0,0,0,0,0,0,0,0,0,0,0,0,0,0,0,0,0,0,0,0,0,0,1507939200
288,0,0,0,0,0,0,0,0,0,0,0,0,0,0,0,0,0,0,0,0,0,0,0,0,0,0,0,0,0,0,0,0,0,1508025600
289,0,0,0,0,0,0,0,0,0,0,0,0,0,0,0,0,0,0,0,0,0,0,0,0,0,0,0,0,0,0,0,0,0,1508112000
290,0,0,0,0,0,0,0,0,0,0,0,0,0,0,0,0,0,0,0,0,0,0,0,0,0,0,0,0,0,0,0,0,0,1508198400
291,0,0,0,0,0,0,0,0,0,0,0,0,0,0,0,0,0,0,0,0,0,0,0,0,0,0,0,0,0,0,0,0,0,1508284800
292,0,0,0,0,0,0,0,0,0,0,0,0,0,0,0,0,0,0,0,0,0,0,0,0,0,0,0,0,0,0,0,0,0,1508371200
293,0,0,0,0,0,0,0,0,0,0,0,0,0,0,0,0,0,0,0,0,0,0,0,0,0,0,0,0,0,0,0,0,0,1508457600
294,0,0,0,0,0,0,0,0,0,0,0,0,0,0,0,0,0,0,0,0,0,0,0,0,0,0,0,0,0,0,0,0,0,1508544000
295,0,0,0,0,0,0,0,0,0,0,0,0,0,0,0,0,0,0,0,0,0,0,0,0,0,0,0,0,0,0,0,0,0,1508630400
296,0,0,0,0,0,0,0,0,0,0,0,0,0,0,0,0,0,0,0,0,0,0,0,0,0,0,0,0,0,0,0,0,0,1508716800
297,0,0,0,0,0,0,0,0,0,0,0,0,0,0,0,0,0,0,0,0,0,0,0,0,0,0,0,0,0,0,0,0,0,1508803200
298,0,0,0,0,0,0,0,0,0,0,0,0,0,0,0,0,0,0,0,0,0,0,0,0,0,0,0,0,0,0,0,0,0,1508889600
299,0,0,0,0,0,0,0,0,0,0,0,0,0,0,0,0,0,0,0,0,0,0,0,0,0,0,0,0,0,0,0,0,0,1508976000
300,0,0,0,0,0,0,0,0,0,0,0,0,0,0,0,0,0,0,0,0,0,0,0,0,0,0,0,0,0,0,0,0,0,1509062400
301,0,0,0,0,0,0,0,0,0,0,0,0,0,0,0,0,0,0,0,0,0,0,0,0,0,0,0,0,0,0,0,0,0,1509148800
302,0,0,0,0,0,0,0,0,0,0,0,0,0,0,0,0,0,0,0,0,0,0,0,0,0,0,0,0,0,0,0,0,0,1509235200
303,0,0,0,0,0,0,0,0,0,0,0,0,0,0,0,0,0,0,0,0,0,0,0,0,0,0,0,0,0,0,0,0,0,1509321600
304,0,0,0,0,0,0,0,0,0,0,0,0,0,0,0,0,0,0,0,0,0,0,0,0,0,0,0,0,0,0,0,0,0,1509408000
305,0,0,0,0,0,0,0,0,0,0,0,0,0,0,0,0,0,0,0,0,0,0,0,0,0,0,0,0,0,0,0,0,0,1509494400
306,0,0,0,0,0,0,0,0,0,0,0,0,0,0,0,0,0,0,0,0,0,0,0,0,0,0,0,0,0,0,0,0,0,1509580800
307,0,0,0,0,0,0,0,0,0,0,0,0,0,0,0,0,0,0,0,0,0,0,0,0,0,0,0,0,0,0,0,0,0,1509667200
308,0,0,0,0,0,0,0,0,0,0,0,0,0,0,0,0,0,0,0,0,0,0,0,0,0,0,0,0,0,0,0,0,0,1509753600
309,0,0,0,0,0,0,0,0,0,0,0,0,0,0,0,0,0,0,0,0,0,0,0,0,0,0,0,0,0,0,0,0,0,1509840000
310,0,0,0,0,0,0,0,0,0,0,0,0,0,0,0,0,0,0,0,0,0,0,0,0,0,0,0,0,0,0,0,0,0,1509926400
311,0,0,0,0,0,0,0,0,0,0,0,0,0,0,0,0,0,0,0,0,0,0,0,0,0,0,0,0,0,0,0,0,0,1510012800
312,0,0,0,0,0,0,0,0,0,0,0,0,0,0,0,0,0,0,0,0,0,0,0,0,0,0,0,0,0,0,0,0,0,1510099200
313,0,0,0,0,0,0,0,0,0,0,0,0,0,0,0,0,0,0,0,0,0,0,0,0,0,0,0,0,0,0,0,0,0,1510185600
314,0,0,0,0,0,0,0,0,0,0,0,0,0,0,0,0,0,0,0,0,0,0,0,0,0,0,0,0,0,0,0,0,0,1510272000
315,0,0,0,0,0,0,0,0,0,0,0,0,0,0,0,0,0,0,0,0,0,0,0,0,0,0,0,0,0,0,0,0,0,1510358400
316,0,0,0,0,0,0,0,0,0,0,0,0,0,0,0,0,0,0,0,0,0,0,0,0,0,0,0,0,0,0,0,0,0,1510444800
317,0,0,0,0,0,0,0,0,0,0,0,0,0,0,0,0,0,0,0,0,0,0,0,0,0,0,0,0,0,0,0,0,0,1510531200
318,0,0,0,0,0,0,0,0,0,0,0,0,0,0,0,0,0,0,0,0,0,0,0,0,0,0,0,0,0,0,0,0,0,1510617600
319,0,0,0,0,0,0,0,0,0,0,0,0,0,0,0,0,0,0,0,0,0,0,0,0,0,0,0,0,0,0,0,0,0,1510704000
320,0,0,0,0,0,0,0,0,0,0,0,0,0,0,0,0,0,0,0,0,0,0,0,0,0,0,0,0,0,0,0,0,0,1510790400
321,0,0,0,0,0,0,0,0,0,0,0,0,0,0,0,0,0,0,0,0,0,0,0,0,0,0,0,0,0,0,0,0,0,1510876800
322,0,0,0,0,0,0,0,0,0,0,0,0,0,0,0,0,0,0,0,0,0,0,0,0,0,0,0,0,0,0,0,0,0,1510963200
323,0,0,0,0,0,0,0,0,0,0,0,0,0,0,0,0,0,0,0,0,0,0,0,0,0,0,0,0,0,0,0,0,0,1511049600
324,0,0,0,0,0,0,0,0,0,0,0,0,0,0,0,0,0,0,0,0,0,0,0,0,0,0,0,0,0,0,0,0,0,1511136000
325,0,0,0,0,0,0,0,0,0,0,0,0,0,0,0,0,0,0,0,0,0,0,0,0,0,0,0,0,0,0,0,0,0,1511222400
326,0,0,0,0,0,0,0,0,0,0,0,0,0,0,0,0,0,0,0,0,0,0,0,0,0,0,0,0,0,0,0,0,0,1511308800
327,0,0,0,0,0,0,0,0,0,0,0,0,0,0,0,0,0,0,0,0,0,0,0,0,0,0,0,0,0,0,0,0,0,1511395200
328,0,0,0,0,0,0,0,0,0,0,0,0,0,0,0,0,0,0,0,0,0,0,0,0,0,0,0,0,0,0,0,0,0,1511481600
329,0,0,0,0,0,0,0,0,0,0,0,0,0,0,0,0,0,0,0,0,0,0,0,0,0,0,0,0,0,0,0,0,0,1511568000
330,0,0,0,0,0,0,0,0,0,0,0,0,0,0,0,0,0,0,0,0,0,0,0,0,0,0,0,0,0,0,0,0,0,1511654400
331,0,0,0,0,0,0,0,0,0,0,0,0,0,0,0,0,0,0,0,0,0,0,0,0,0,0,0,0,0,0,0,0,0,1511740800
332,0,0,0,0,0,0,0,0,0,0,0,0,0,0,0,0,0,0,0,0,0,0,0,0,0,0,0,0,0,0,0,0,0,1511827200
333,0,0,0,0,0,0,0,0,0,0,0,0,0,0,0,0,0,0,0,0,0,0,0,0,0,0,0,0,0,0,0,0,0,1511913600
334,0,0,0,0,0,0,0,0,0,0,0,0,0,0,0,0,0,0,0,0,0,0,0,0,0,0,0,0,0,0,0,0,0,1512000000
335,0,0,0,0,0,0,0,0,0,0,0,0,0,0,0,0,0,0,0,0,0,0,0,0,0,0,0,0,0,0,0,0,0,1512086400
336,0,0,0,0,0,0,0,0,0,0,0,0,0,0,0,0,0,0,0,0,0,0,0,0,0,0,0,0,0,0,0,0,0,1512172800
337,0,0,0,0,0,0,0,0,0,0,0,0,0,0,0,0,0,0,0,0,0,0,0,0,0,0,0,0,0,0,0,0,0,1512259200
338,0,0,0,0,0,0,0,0,0,0,0,0,0,0,0,0,0,0,0,0,0,0,0,0,0,0,0,0,0,0,0,0,0,1512345600
339,0,0,0,0,0,0,0,0,0,0,0,0,0,0,0,0,0,0,0,0,0,0,0,0,0,0,0,0,0,0,0,0,0,1512432000
340,0,0,0,0,0,0,0,0,0,0,0,0,0,0,0,0,0,0,0,0,0,0,0,0,0,0,0,0,0,0,0,0,0,1512518400
341,0,0,0,0,0,0,0,0,0,0,0,0,0,0,0,0,0,0,0,0,0,0,0,0,0,0,0,0,0,0,0,0,0,1512604800
342,0,0,0,0,0,0,0,0,0,0,0,0,0,0,0,0,0,0,0,0,0,0,0,0,0,0,0,0,0,0,0,0,0,1512691200
343,0,0,0,0,0,0,0,0,0,0,0,0,0,0,0,0,0,0,0,0,0,0,0,0,0,0,0,0,0,0,0,0,0,1512777600
344,0,0,0,0,0,0,0,0,0,0,0,0,0,0,0,0,0,0,0,0,0,0,0,0,0,0,0,0,0,0,0,0,0,1512864000
345,0,0,0,0,0,0,0,0,0,0,0,0,0,0,0,0,0,0,0,0,0,0,0,0,0,0,0,0,0,0,0,0,0,1512950400
346,0,0,0,0,0,0,0,0,0,0,0,0,0,0,0,0,0,0,0,0,0,0,0,0,0,0,0,0,0,0,0,0,0,1513036800
347,0,0,0,0,0,0,0,0,0,0,0,0,0,0,0,0,0,0,0,0,0,0,0,0,0,0,0,0,0,0,0,0,0,1513123200
348,0,0,0,0,0,0,0,0,0,0,0,0,0,0,0,0,0,0,0,0,0,0,0,0,0,0,0,0,0,0,0,0,0,1513209600
349,0,0,0,0,0,0,0,0,0,0,0,0,0,0,0,0,0,0,0,0,0,0,0,0,0,0,0,0,0,0,0,0,0,1513296000
350,0,0,0,0,0,0,0,0,0,0,0,0,0,0,0,0,0,0,0,0,0,0,0,0,0,0,0,0,0,0,0,0,0,1513382400
351,0,0,0,0,0,0,0,0,0,0,0,0,0,0,0,0,0,0,0,0,0,0,0,0,0,0,0,0,0,0,0,0,0,1513468800
352,0,0,0,0,0,0,0,0,0,0,0,0,0,0,0,0,0,0,0,0,0,0,0,0,0,0,0,0,0,0,0,0,0,1513555200
353,0,0,0,0,0,0,0,0,0,0,0,0,0,0,0,0,0,0,0,0,0,0,0,0,0,0,0,0,0,0,0,0,0,1513641600
354,0,0,0,0,0,0,0,0,0,0,0,0,0,0,0,0,0,0,0,0,0,0,0,0,0,0,0,0,0,0,0,0,0,1513728000
355,0,0,0,0,0,0,0,0,0,0,0,0,0,0,0,0,0,0,0,0,0,0,0,0,0,0,0,0,0,0,0,0,0,1513814400
356,0,0,0,0,0,0,0,0,0,0,0,0,0,0,0,0,0,0,0,0,0,0,0,0,0,0,0,0,0,0,0,0,0,1513900800
357,0,0,0,0,0,0,0,0,0,0,0,0,0,0,0,0,0,0,0,0,0,0,0,0,0,0,0,0,0,0,0,0,0,1513987200
358,0,0,0,0,0,0,0,0,0,0,0,0,0,0,0,0,0,0,0,0,0,0,0,0,0,0,0,0,0,0,0,0,0,1514073600
359,0,0,0,0,0,0,0,0,0,0,0,0,0,0,0,0,0,0,0,0,0,0,0,0,0,0,0,0,0,0,0,0,0,1514160000
360,0,0,0,0,0,0,0,0,0,0,0,0,0,0,0,0,0,0,0,0,0,0,0,0,0,0,0,0,0,0,0,0,0,1514246400
361,0,0,0,0,0,0,0,0,0,0,0,0,0,0,0,0,0,0,0,0,0,0,0,0,0,0,0,0,0,0,0,0,0,1514332800
362,0,0,0,0,0,0,0,0,0,0,0,0,0,0,0,0,0,0,0,0,0,0,0,0,0,0,0,0,0,0,0,0,0,1514419200
363,0,0,0,0,0,0,0,0,0,0,0,0,0,0,0,0,0,0,0,0,0,0,0,0,0,0,0,0,0,0,0,0,0,1514505600
364,0,0,0,0,0,0,0,0,0,0,0,0,0,0,0,0,0,0,0,0,0,0,0,0,0,0,0,0,0,0,0,0,0,1514592000
365,0,0,0,0,0,0,0,0,0,0,0,0,0,0,0,0,0,0,0,0,0,0,0,0,0,0,0,0,0,0,0,0,0,1514678400
366,0,0,0,0,0,0,0,0,0,0,0,0,0,0,0,0,0,0,0,0,0,0,0,0,0,0,0,0,0,0,0,0,0,1514764800
367,0,0,0,0,0,0,0,0,0,0,0,0,0,0,0,0,0,0,0,0,0,0,0,0,0,0,0,0,0,0,0,0,0,1514851200
368,0,0,0,0,0,0,0,0,0,0,0,0,0,0,0,0,0,0,0,0,0,0,0,0,0,0,0,0,0,0,0,0,0,1514937600
369,0,0,0,0,0,0,0,0,0,0,0,0,0,0,0,0,0,0,0,0,0,0,0,0,0,0,0,0,0,0,0,0,0,1515024000
370,0,0,0,0,0,0,0,0,0,0,0,0,0,0,0,0,0,0,0,0,0,0,0,0,0,0,0,0,0,0,0,0,0,1515110400
371,0,0,0,0,0,0,0,0,0,0,0,0,0,0,0,0,0,0,0,0,0,0,0,0,0,0,0,0,0,0,0,0,0,1515196800
372,0,0,0,0,0,0,0,0,0,0,0,0,0,0,0,0,0,0,0,0,0,0,0,0,0,0,0,0,0,0,0,0,0,1515283200
373,0,0,0,0,0,0,0,0,0,0,0,0,0,0,0,0,0,0,0,0,0,0,0,0,0,0,0,0,0,0,0,0,0,1515369600
374,0,0,0,0,0,0,0,0,0,0,0,0,0,0,0,0,0,0,0,0,0,0,0,0,0,0,0,0,0,0,0,0,0,1515456000
375,0,0,0,0,0,0,0,0,0,0,0,0,0,0,0,0,0,0,0,0,0,0,0,0,0,0,0,0,0,0,0,0,0,1515542400
376,0,0,0,0,0,0,0,0,0,0,0,0,0,0,0,0,0,0,0,0,0,0,0,0,0,0,0,0,0,0,0,0,0,1515628800
377,0,0,0,0,0,0,0,0,0,0,0,0,0,0,0,0,0,0,0,0,0,0,0,0,0,0,0,0,0,0,0,0,0,1515715200
378,0,0,0,0,0,0,0,0,0,0,0,0,0,0,0,0,0,0,0,0,0,0,0,0,0,0,0,0,0,0,0,0,0,1515801600
379,0,0,0,0,0,0,0,0,0,0,0,0,0,0,0,0,0,0,0,0,0,0,0,0,0,0,0,0,0,0,0,0,0,1515888000
380,0,0,0,0,0,0,0,0,0,0,0,0,0,0,0,0,0,0,0,0,0,0,0,0,0,0,0,0,0,0,0,0,0,1515974400
381,0,0,0,0,0,0,0,0,0,0,0,0,0,0,0,0,0,0,0,0,0,0,0,0,0,0,0,0,0,0,0,0,0,1516060800
382,0,0,0,0,0,0,0,0,0,0,0,0,0,0,0,0,0,0,0,0,0,0,0,0,0,0,0,0,0,0,0,0,0,1516147200
383,0,0,0,0,0,0,0,0,0,0,0,0,0,0,0,0,0,0,0,0,0,0,0,0,0,0,0,0,0,0,0,0,0,1516233600
384,0,0,0,0,0,0,0,0,0,0,0,0,0,0,0,0,0,0,0,0,0,0,0,0,0,0,0,0,0,0,0,0,0,1516320000
385,0,0,0,0,0,0,0,0,0,0,0,0,0,0,0,0,0,0,0,0,0,0,0,0,0,0,0,0,0,0,0,0,0,1516406400
386,0,0,0,0,0,0,0,0,0,0,0,0,0,0,0,0,0,0,0,0,0,0,0,0,0,0,0,0,0,0,0,0,0,1516492800
387,0,0,0,0,0,0,0,0,0,0,0,0,0,0,0,0,0,0,0,0,0,0,0,0,0,0,0,0,0,0,0,0,0,1516579200
388,0,0,0,0,0,0,0,0,0,0,0,0,0,0,0,0,0,0,0,0,0,0,0,0,0,0,0,0,0,0,0,0,0,1516665600
389,0,0,0,0,0,0,0,0,0,0,0,0,0,0,0,0,0,0,0,0,0,0,0,0,0,0,0,0,0,0,0,0,0,1516752000
390,0,0,0,0,0,0,0,0,0,0,0,0,0,0,0,0,0,0,0,0,0,0,0,0,0,0,0,0,0,0,0,0,0,1516838400
391,0,0,0,0,0,0,0,0,0,0,0,0,0,0,0,0,0,0,0,0,0,0,0,0,0,0,0,0,0,0,0,0,0,1516924800
392,0,0,0,0,0,0,0,0,0,0,0,0,0,0,0,0,0,0,0,0,0,0,0,0,0,0,0,0,0,0,0,0,0,1517011200
393,0,0,0,0,0,0,0,0,0,0,0,0,0,0,0,0,0,0,0,0,0,0,0,0,0,0,0,0,0,0,0,0,0,1517097600
394,0,0,0,0,0,0,0,0,0,0,0,0,0,0,0,0,0,0,0,0,0,0,0,0,0,0,0,0,0,0,0,0,0,1517184000
395,0,0,0,0,0,0,0,0,0,0,0,0,0,0,0,0,0,0,0,0,0,0,0,0,0,0,0,0,0,0,0,0,0,1517270400
396,0,0,0,0,0,0,0,0,0,0,0,0,0,0,0,0,0,0,0,0,0,0,0,0,0,0,0,0,0,0,0,0,0,1517356800
397,0,0,0,0,0,0,0,0,0,0,0,0,0,0,0,0,0,0,0,0,0,0,0,0,0,0,0,0,0,0,0,0,0,1517443200
398,0,0,0,0,0,0,0,0,0,0,0,0,0,0,0,0,0,0,0,0,0,0,0,0,0,0,0,0,0,0,0,0,0,1517529600
399,0,0,0,0,0,0,0,0,0,0,0,0,0,0,0,0,0,0,0,0,0,0,0,0,0,0,0,0,0,0,0,0,0,1517616000
400,0,0,0,0,0,0,0,0,0,0,0,0,0,0,0,0,0,0,0,0,0,0,0,0,0,0,0,0,0,0,0,0,0,1517702400
401,0,0,0,0,0,0,0,0,0,0,0,0,0,0,0,0,0,0,0,0,0,0,0,0,0,0,0,0,0,0,0,0,0,1517788800
402,0,0,0,0,0,0,0,0,0,0,0,0,0,0,0,0,0,0,0,0,0,0,0,0,0,0,0,0,0,0,0,0,0,1517875200
403,0,0,0,0,0,0,0,0,0,0,0,0,0,0,0,0,0,0,0,0,0,0,0,0,0,0,0,0,0,0,0,0,0,1517961600
404,0,0,0,0,0,0,0,0,0,0,0,0,0,0,0,0,0,0,0,0,0,0,0,0,0,0,0,0,0,0,0,0,0,1518048000
405,0,0,0,0,0,0,0,0,0,0,0,0,0,0,0,0,0,0,0,0,0,0,0,0,0,0,0,0,0,0,0,0,0,1518134400
406,0,0,0,0,0,0,0,0,0,0,0,0,0,0,0,0,0,0,0,0,0,0,0,0,0,0,0,0,0,0,0,0,0,1518220800
407,0,0,0,0,0,0,0,0,0,0,0,0,0,0,0,0,0,0,0,0,0,0,0,0,0,0,0,0,0,0,0,0,0,1518307200
408,0,0,0,0,0,0,0,0,0,0,0,0,0,0,0,0,0,0,0,0,0,0,0,0,0,0,0,0,0,0,0,0,0,1518393600
409,0,0,0,0,0,0,0,0,0,0,0,0,0,0,0,0,0,0,0,0,0,0,0,0,0,0,0,0,0,0,0,0,0,1518480000
410,0,0,0,0,0,0,0,0,0,0,0,0,0,0,0,0,0,0,0,0,0,0,0,0,0,0,0,0,0,0,0,0,0,1518566400
411,0,0,0,0,0,0,0,0,0,0,0,0,0,0,0,0,0,0,0,0,0,0,0,0,0,0,0,0,0,0,0,0,0,1518652800
412,0,0,0,0,0,0,0,0,0,0,0,0,0,0,0,0,0,0,0,0,0,0,0,0,0,0,0,0,0,0,0,0,0,1518739200
413,0,0,0,0,0,0,0,0,0,0,0,0,0,0,0,0,0,0,0,0,0,0,0,0,0,0,0,0,0,0,0,0,0,1518825600
414,0,0,0,0,0,0,0,0,0,0,0,0,0,0,0,0,0,0,0,0,0,0,0,0,0,0,0,0,0,0,0,0,0,1518912000
415,0,0,0,0,0,0,0,0,0,0,0,0,0,0,0,0,0,0,0,0,0,0,0,0,0,0,0,0,0,0,0,0,0,1518998400
416,0,0,0,0,0,0,0,0,0,0,0,0,0,0,0,0,0,0,0,0,0,0,0,0,0,0,0,0,0,0,0,0,0,1519084800
417,0,0,0,0,0,0,0,0,0,0,0,0,0,0,0,0,0,0,0,0,0,0,0,0,0,0,0,0,0,0,0,0,0,1519171200
418,0,0,0,0,0,0,0,0,0,0,0,0,0,0,0,0,0,0,0,0,0,0,0,0,0,0,0,0,0,0,0,0,0,1519257600
419,0,0,0,0,0,0,0,0,0,0,0,0,0,0,0,0,0,0,0,0,0,0,0,0,0,0,0,0,0,0,0,0,0,1519344000
420,0,0,0,0,0,0,0,0,0,0,0,0,0,0,0,0,0,0,0,0,0,0,0,0,0,0,0,0,0,0,0,0,0,1519430400
421,0,0,0,0,0,0,0,0,0,0,0,0,0,0,0,0,0,0,0,0,0,0,0,0,0,0,0,0,0,0,0,0,0,1519516800
422,0,0,0,0,0,0,0,0,0,0,0,0,0,0,0,0,0,0,0,0,0,0,0,0,0,0,0,0,0,0,0,0,0,1519603200
423,0,0,0,0,0,0,0,0,0,0,0,0,0,0,0,0,0,0,0,0,0,0,0,0,0,0,0,0,0,0,0,0,0,1519689600
424,0,0,0,0,0,0,0,0,0,0,0,0,0,0,0,0,0,0,0,0,0,0,0,0,0,0,0,0,0,0,0,0,0,1519776000
425,0,0,0,0,0,0,0,0,0,0,0,0,0,0,0,0,0,0,0,0,0,0,0,0,0,0,0,0,0,0,0,0,0,1519862400
426,0,0,0,0,0,0,0,0,0,0,0,0,0,0,0,0,0,0,0,0,0,0,0,0,0,0,0,0,0,0,0,0,0,1519948800
427,0,0,0,0,0,0,0,0,0,0,0,0,0,0,0,0,0,0,0,0,0,0,0,0,0,0,0,0,0,0,0,0,0,1520035200
428,0,0,0,0,0,0,0,0,0,0,0,0,0,0,0,0,0,0,0,0,0,0,0,0,0,0,0,0,0,0,0,0,0,1520121600
429,0,0,0,0,0,0,0,0,0,0,0,0,0,0,0,0,0,0,0,0,0,0,0,0,0,0,0,0,0,0,0,0,0,1520208000
430,0,0,0,0,0,0,0,0,0,0,0,0,0,0,0,0,0,0,0,0,0,0,0,0,0,0,0,0,0,0,0,0,0,1520294400
431,0,0,0,0,0,0,0,0,0,0,0,0,0,0,0,0,0,0,0,0,0,0,0,0,0,0,0,0,0,0,0,0,0,1520380800
432,0,0,0,0,0,0,0,0,0,0,0,0,0,0,0,0,0,0,0,0,0,0,0,0,0,0,0,0,0,0,0,0,0,1520467200
433,0,0,0,0,0,0,0,0,0,0,0,0,0,0,0,0,0,0,0,0,0,0,0,0,0,0,0,0,0,0,0,0,0,1520553600
434,0,0,0,0,0,0,0,0,0,0,0,0,0,0,0,0,0,0,0,0,0,0,0,0,0,0,0,0,0,0,0,0,0,1520640000
435,0,0,0,0,0,0,0,0,0,0,0,0,0,0,0,0,0,0,0,0,0,0,0,0,0,0,0,0,0,0,0,0,0,1520726400
436,0,0,0,0,0,0,0,0,0,0,0,0,0,0,0,0,0,0,0,0,0,0,0,0,0,0,0,0,0,0,0,0,0,1520812800
437,0,0,0,0,0,0,0,0,0,0,0,0,0,0,0,0,0,0,0,0,0,0,0,0,0,0,0,0,0,0,0,0,0,1520899200
438,0,0,0,0,0,0,0,0,0,0,0,0,0,0,0,0,0,0,0,0,0,0,0,0,0,0,0,0,0,0,0,0,0,1520985600
439,0,0,0,0,0,0,0,0,0,0,0,0,0,0,0,0,0,0,0,0,0,0,0,0,0,0,0,0,0,0,0,0,0,1521072000
440,0,0,0,0,0,0,0,0,0,0,0,0,0,0,0,0,0,0,0,0,0,0,0,0,0,0,0,0,0,0,0,0,0,1521158400
441,0,0,0,0,0,0,0,0,0,0,0,0,0,0,0,0,0,0,0,0,0,0,0,0,0,0,0,0,0,0,0,0,0,1521244800
442,0,0,0,0,0,0,0,0,0,0,0,0,0,0,0,0,0,0,0,0,0,0,0,0,0,0,0,0,0,0,0,0,0,1521331200
443,0,0,0,0,0,0,0,0,0,0,0,0,0,0,0,0,0,0,0,0,0,0,0,0,0,0,0,0,0,0,0,0,0,1521417600
444,0,0,0,0,0,0,0,0,0,0,0,0,0,0,0,0,0,0,0,0,0,0,0,0,0,0,0,0,0,0,0,0,0,1521504000
445,0,0,0,0,0,0,0,0,0,0,0,0,0,0,0,0,0,0,0,0,0,0,0,0,0,0,0,0,0,0,0,0,0,1521590400
446,0,0,0,0,0,0,0,0,0,0,0,0,0,0,0,0,0,0,0,0,0,0,0,0,0,0,0,0,0,0,0,0,0,1521676800
447,0,0,0,0,0,0,0,0,0,0,0,0,0,0,0,0,0,0,0,0,0,0,0,0,0,0,0,0,0,0,0,0,0,1521763200
448,0,0,0,0,0,0,0,0,0,0,0,0,0,0,0,0,0,0,0,0,0,0,0,0,0,0,0,0,0,0,0,0,0,1521849600
449,0,0,0,0,0,0,0,0,0,0,0,0,0,0,0,0,0,0,0,0,0,0,0,0,0,0,0,0,0,0,0,0,0,1521936000
450,0,0,0,0,0,0,0,0,0,0,0,0,0,0,0,0,0,0,0,0,0,0,0,0,0,0,0,0,0,0,0,0,0,1522022400
451,0,0,0,0,0,0,0,0,0,0,0,0,0,0,0,0,0,0,0,0,0,0,0,0,0,0,0,0,0,0,0,0,0,1522108800
452,0,0,0,0,0,0,0,0,0,0,0,0,0,0,0,0,0,0,0,0,0,0,0,0,0,0,0,0,0,0,0,0,0,1522195200
453,0,0,0,0,0,0,0,0,0,0,0,0,0,0,0,0,0,0,0,0,0,0,0,0,0,0,0,0,0,0,0,0,0,1522281600
454,0,0,0,0,0,0,0,0,0,0,0,0,0,0,0,0,0,0,0,0,0,0,0,0,0,0,0,0,0,0,0,0,0,1522368000
455,0,0,0,0,0,0,0,0,0,0,0,0,0,0,0,0,0,0,0,0,0,0,0,0,0,0,0,0,0,0,0,0,0,1522454400
456,0,0,0,0,0,0,0,0,0,0,0,0,0,0,0,0,0,0,0,0,0,0,0,0,0,0,0,0,0,0,0,0,0,1522540800
457,0,0,0,0,0,0,0,0,0,0,0,0,0,0,0,0,0,0,0,0,0,0,0,0,0,0,0,0,0,0,0,0,0,1522627200
458,0,0,0,0,0,0,0,0,0,0,0,0,0,0,0,0,0,0,0,0,0,0,0,0,0,0,0,0,0,0,0,0,0,1522713600
459,0,0,0,0,0,0,0,0,0,0,0,0,0,0,0,0,0,0,0,0,0,0,0,0,0,0,0,0,0,0,0,0,0,1522800000
460,0,0,0,0,0,0,0,0,0,0,0,0,0,0,0,0,0,0,0,0,0,0,0,0,0,0,0,0,0,0,0,0,0,1522886400
461,0,0,0,0,0,0,0,0,0,0,0,0,0,0,0,0,0,0,0,0,0,0,0,0,0,0,0,0,0,0,0,0,0,1522972800
462,0,0,0,0,0,0,0,0,0,0,0,0,0,0,0,0,0,0,0,0,0,0,0,0,0,0,0,0,0,0,0,0,0,1523059200
463,0,0,0,0,0,0,0,0,0,0,0,0,0,0,0,0,0,0,0,0,0,0,0,0,0,0,0,0,0,0,0,0,0,1523145600
464,0,0,0,0,0,0,0,0,0,0,0,0,0,0,0,0,0,0,0,0,0,0,0,0,0,0,0,0,0,0,0,0,0,1523232000
465,0,0,0,0,0,0,0,0,0,0,0,0,0,0,0,0,0,0,0,0,0,0,0,0,0,0,0,0,0,0,0,0,0,1523318400
466,0,0,0,0,0,0,0,0,0,0,0,0,0,0,0,0,0,0,0,0,0,0,0,0,0,0,0,0,0,0,0,0,0,1523404800
467,0,0,0,0,0,0,0,0,0,0,0,0,0,0,0,0,0,0,0,0,0,0,0,0,0,0,0,0,0,0,0,0,0,1523491200
468,0,0,0,0,0,0,0,0,0,0,0,0,0,0,0,0,0,0,0,0,0,0,0,0,0,0,0,0,0,0,0,0,0,1523577600
469,0,0,0,0,0,0,0,0,0,0,0,0,0,0,0,0,0,0,0,0,0,0,0,0,0,0,0,0,0,0,0,0,0,1523664000
470,0,0,0,0,0,0,0,0,0,0,0,0,0,0,0,0,0,0,0,0,0,0,0,0,0,0,0,0,0,0,0,0,0,1523750400
471,0,0,0,0,0,0,0,0,0,0,0,0,0,0,0,0,0,0,0,0,0,0,0,0,0,0,0,0,0,0,0,0,0,1523836800
472,0,0,0,0,0,0,0,0,0,0,0,0,0,0,0,0,0,0,0,0,0,0,0,0,0,0,0,0,0,0,0,0,0,1523923200
473,0,0,0,0,0,0,0,0,0,0,0,0,0,0,0,0,0,0,0,0,0,0,0,0,0,0,0,0,0,0,0,0,0,1524009600
474,0,0,0,0,0,0,0,0,0,0,0,0,0,0,0,0,0,0,0,0,0,0,0,0,0,0,0,0,0,0,0,0,0,1524096000
475,0,0,0,0,0,0,0,0,0,0,0,0,0,0,0,0,0,0,0,0,0,0,0,0,0,0,0,0,0,0,0,0,0,1524182400
476,0,0,0,0,0,0,0,0,0,0,0,0,0,0,0,0,0,0,0,0,0,0,0,0,0,0,0,0,0,0,0,0,0,1524268800
477,0,0,0,0,0,0,0,0,0,0,0,0,0,0,0,0,0,0,0,0,0,0,0,0,0,0,0,0,0,0,0,0,0,1524355200
478,0,0,0,0,0,0,0,0,0,0,0,0,0,0,0,0,0,0,0,0,0,0,0,0,0,0,0,0,0,0,0,0,0,1524441600
479,0,0,0,0,0,0,0,0,0,0,0,0,0,0,0,0,0,0,0,0,0,0,0,0,0,0,0,0,0,0,0,0,0,1524528000
480,0,0,0,0,0,0,0,0,0,0,0,0,0,0,0,0,0,0,0,0,0,0,0,0,0,0,0,0,0,0,0,0,0,1524614400
481,0,0,0,0,0,0,0,0,0,0,0,0,0,0,0,0,0,0,0,0,0,0,0,0,0,0,0,0,0,0,0,0,0,1524700800
482,0,0,0,0,0,0,0,0,0,0,0,0,0,0,0,0,0,0,0,0,0,0,0,0,0,0,0,0,0,0,0,0,0,1524787200
483,0,0,0,0,0,0,0,0,0,0,0,0,0,0,0,0,0,0,0,0,0,0,0,0,0,0,0,0,0,0,0,0,0,1524873600
484,0,0,0,0,0,0,0,0,0,0,0,0,0,0,0,0,0,0,0,0,0,0,0,0,0,0,0,0,0,0,0,0,0,1524960000
485,0,0,0,0,0,0,0,0,0,0,0,0,0,0,0,0,0,0,0,0,0,0,0,0,0,0,0,0,0,0,0,0,0,1525046400
486,0,0,0,0,0,0,0,0,0,0,0,0,0,0,0,0,0,0,0,0,0,0,0,0,0,0,0,0,0,0,0,0,0,1525132800
487,0,0,0,0,0,0,0,0,0,0,0,0,0,0,0,0,0,0,0,0,0,0,0,0,0,0,0,0,0,0,0,0,0,1525219200
488,0,0,0,0,0,0,0,0,0,0,0,0,0,0,0,0,0,0,0,0,0,0,0,0,0,0,0,0,0,0,0,0,0,1525305600
489,0,0,0,0,0,0,0,0,0,0,0,0,0,0,0,0,0,0,0,0,0,0,0,0,0,0,0,0,0,0,0,0,0,1525392000
490,0,0,0,0,0,0,0,0,0,0,0,0,0,0,0,0,0,0,0,0,0,0,0,0,0,0,0,0,0,0,0,0,0,1525478400
491,0,0,0,0,0,0,0,0,0,0,0,0,0,0,0,0,0,0,0,0,0,0,0,0,0,0,0,0,0,0,0,0,0,1525564800
492,0,0,0,0,0,0,0,0,0,0,0,0,0,0,0,0,0,0,0,0,0,0,0,0,0,0,0,0,0,0,0,0,0,1525651200
493,0,0,0,0,0,0,0,0,0,0,0,0,0,0,0,0,0,0,0,0,0,0,0,0,0,0,0,0,0,0,0,0,0,1525737600
494,0,0,0,0,0,0,0,0,0,0,0,0,0,0,0,0,0,0,0,0,0,0,0,0,0,0,0,0,0,0,0,0,0,1525824000
495,0,0,0,0,0,0,0,0,0,0,0,0,0,0,0,0,0,0,0,0,0,0,0,0,0,0,0,0,0,0,0,0,0,1525910400
496,0,0,0,0,0,0,0,0,0,0,0,0,0,0,0,0,0,0,0,0,0,0,0,0,0,0,0,0,0,0,0,0,0,1525996800
497,0,0,0,0,0,0,0,0,0,0,0,0,0,0,0,0,0,0,0,0,0,0,0,0,0,0,0,0,0,0,0,0,0,1526083200
498,0,0,0,0,0,0,0,0,0,0,0,0,0,0,0,0,0,0,0,0,0,0,0,0,0,0,0,0,0,0,0,0,0,1526169600
499,0,0,0,0,0,0,0,0,0,0,0,0,0,0,0,0,0,0,0,0,0,0,0,0,0,0,0,0,0,0,0,0,0,1526256000
500,0,0,0,0,0,0,0,0,0,0,0,0,0,0,0,0,0,0,0,0,0,0,0,0,0,0,0,0,0,0,0,0,0,1526342400
501,0,0,0,0,0,0,0,0,0,0,0,0,0,0,0,0,0,0,0,0,0,0,0,0,0,0,0,0,0,0,0,0,0,1526428800
502,0,0,0,0,0,0,0,0,0,0,0,0,0,0,0,0,0,0,0,0,0,0,0,0,0,0,0,0,0,0,0,0,0,1526515200
503,0,0,0,0,0,0,0,0,0,0,0,0,0,0,0,0,0,0,0,0,0,0,0,0,0,0,0,0,0,0,0,0,0,1526601600
504,0,0,0,0,0,0,0,0,0,0,0,0,0,0,0,0,0,0,0,0,0,0,0,0,0,0,0,0,0,0,0,0,0,1526688000
505,0,0,0,0,0,0,0,0,0,0,0,0,0,0,0,0,0,0,0,0,0,0,0,0,0,0,0,0,0,0,0,0,0,1526774400
506,0,0,0,0,0,0,0,0,0,0,0,0,0,0,0,0,0,0,0,0,0,0,0,0,0,0,0,0,0,0,0,0,0,1526860800
507,0,0,0,0,0,0,0,0,0,0,0,0,0,0,0,0,0,0,0,0,0,0,0,0,0,0,0,0,0,0,0,0,0,1526947200
508,0,0,0,0,0,0,0,0,0,0,0,0,0,0,0,0,0,0,0,0,0,0,0,0,0,0,0,0,0,0,0,0,0,1527033600
509,0,0,0,0,0,0,0,0,0,0,0,0,0,0,0,0,0,0,0,0,0,0,0,0,0,0,0,0,0,0,0,0,0,1527120000
510,0,0,0,0,0,0,0,0,0,0,0,0,0,0,0,0,0,0,0,0,0,0,0,0,0,0,0,0,0,0,0,0,0,1527206400
511,0,0,0,0,0,0,0,0,0,0,0,0,0,0,0,0,0,0,0,0,0,0,0,0,0,0,0,0,0,0,0,0,0,1527292800
512,0,0,0,0,0,0,0,0,0,0,0,0,0,0,0,0,0,0,0,0,0,0,0,0,0,0,0,0,0,0,0,0,0,1527379200
513,0,0,0,0,0,0,0,0,0,0,0,0,0,0,0,0,0,0,0,0,0,0,0,0,0,0,0,0,0,0,0,0,0,1527465600
514,0,0,0,0,0,0,0,0,0,0,0,0,0,0,0,0,0,0,0,0,0,0,0,0,0,0,0,0,0,0,0,0,0,1527552000
515,0,0,0,0,0,0,0,0,0,0,0,0,0,0,0,0,0,0,0,0,0,0,0,0,0,0,0,0,0,0,0,0,0,1527638400
516,0,0,0,0,0,0,0,0,0,0,0,0,0,0,0,0,0,0,0,0,0,0,0,0,0,0,0,0,0,0,0,0,0,1527724800
517,0,0,0,0,0,0,0,0,0,0,0,0,0,0,0,0,0,0,0,0,0,0,0,0,0,0,0,0,0,0,0,0,0,1527811200
518,0,0,0,0,0,0,0,0,0,0,0,0,0,0,0,0,0,0,0,0,0,0,0,0,0,0,0,0,0,0,0,0,0,1527897600
519,0,0,0,0,0,0,0,0,0,0,0,0,0,0,0,0,0,0,0,0,0,0,0,0,0,0,0,0,0,0,0,0,0,1527984000
520,0,0,0,0,0,0,0,0,0,0,0,0,0,0,0,0,0,0,0,0,0,0,0,0,0,0,0,0,0,0,0,0,0,1528070400
521,0,0,0,0,0,0,0,0,0,0,0,0,0,0,0,0,0,0,0,0,0,0,0,0,0,0,0,0,0,0,0,0,0,1528156800
522,0,0,0,0,0,0,0,0,0,0,0,0,0,0,0,0,0,0,0,0,0,0,0,0,0,0,0,0,0,0,0,0,0,1528243200
523,0,0,0,0,0,0,0,0,0,0,0,0,0,0,0,0,0,0,0,0,0,0,0,0,0,0,0,0,0,0,0,0,0,1528329600
524,0,0,0,0,0,0,0,0,0,0,0,0,0,0,0,0,0,0,0,0,0,0,0,0,0,0,0,0,0,0,0,0,0,1528416000
525,0,0,0,0,0,0,0,0,0,0,0,0,0,0,0,0,0,0,0,0,0,0,0,0,0,0,0,0,0,0,0,0,0,1528502400
526,0,0,0,0,0,0,0,0,0,0,0,0,0,0,0,0,0,0,0,0,0,0,0,0,0,0,0,0,0,0,0,0,0,1528588800
527,0,0,0,0,0,0,0,0,0,0,0,0,0,0,0,0,0,0,0,0,0,0,0,0,0,0,0,0,0,0,0,0,0,1528675200
528,0,0,0,0,0,0,0,0,0,0,0,0,0,0,0,0,0,0,0,0,0,0,0,0,0,0,0,0,0,0,0,0,0,1528761600
529,0,0,0,0,0,0,0,0,0,0,0,0,0,0,0,0,0,0,0,0,0,0,0,0,0,0,0,0,0,0,0,0,0,1528848000
530,0,0,0,0,0,0,0,0,0,0,0,0,0,0,0,0,0,0,0,0,0,0,0,0,0,0,0,0,0,0,0,0,0,1528934400
531,0,0,0,0,0,0,0,0,0,0,0,0,0,0,0,0,0,0,0,0,0,0,0,0,0,0,0,0,0,0,0,0,0,1529020800
532,0,0,0,0,0,0,0,0,0,0,0,0,0,0,0,0,0,0,0,0,0,0,0,0,0,0,0,0,0,0,0,0,0,1529107200
533,0,0,0,0,0,0,0,0,0,0,0,0,0,0,0,0,0,0,0,0,0,0,0,0,0,0,0,0,0,0,0,0,0,1529193600
534,0,0,0,0,0,0,0,0,0,0,0,0,0,0,0,0,0,0,0,0,0,0,0,0,0,0,0,0,0,0,0,0,0,1529280000
535,0,0,0,0,0,0,0,0,0,0,0,0,0,0,0,0,0,0,0,0,0,0,0,0,0,0,0,0,0,0,0,0,0,1529366400
536,0,0,0,0,0,0,0,0,0,0,0,0,0,0,0,0,0,0,0,0,0,0,0,0,0,0,0,0,0,0,0,0,0,1529452800
537,0,0,0,0,0,0,0,0,0,0,0,0,0,0,0,0,0,0,0,0,0,0,0,0,0,0,0,0,0,0,0,0,0,1529539200
538,0,0,0,0,0,0,0,0,0,0,0,0,0,0,0,0,0,0,0,0,0,0,0,0,0,0,0,0,0,0,0,0,0,1529625600
539,0,0,0,0,0,0,0,0,0,0,0,0,0,0,0,0,0,0,0,0,0,0,0,0,0,0,0,0,0,0,0,0,0,1529712000
540,0,0,0,0,0,0,0,0,0,0,0,0,0,0,0,0,0,0,0,0,0,0,0,0,0,0,0,0,0,0,0,0,0,1529798400
541,0,0,0,0,0,0,0,0,0,0,0,0,0,0,0,0,0,0,0,0,0,0,0,0,0,0,0,0,0,0,0,0,0,1529884800
542,0,0,0,0,0,0,0,0,0,0,0,0,0,0,0,0,0,0,0,0,0,0,0,0,0,0,0,0,0,0,0,0,0,1529971200
543,0,0,0,0,0,0,0,0,0,0,0,0,0,0,0,0,0,0,0,0,0,0,0,0,0,0,0,0,0,0,0,0,0,1530057600
544,0,0,0,0,0,0,0,0,0,0,0,0,0,0,0,0,0,0,0,0,0,0,0,0,0,0,0,0,0,0,0,0,0,1530144000
545,0,0,0,0,0,0,0,0,0,0,0,0,0,0,0,0,0,0,0,0,0,0,0,0,0,0,0,0,0,0,0,0,0,1530230400
546,0,0,0,0,0,0,0,0,0,0,0,0,0,0,0,0,0,0,0,0,0,0,0,0,0,0,0,0,0,0,0,0,0,1530316800
547,0,0,0,0,0,0,0,0,0,0,0,0,0,0,0,0,0,0,0,0,0,0,0,0,0,0,0,0,0,0,0,0,0,1530403200
548,0,0,0,0,0,0,0,0,0,0,0,0,0,0,0,0,0,0,0,0,0,0,0,0,0,0,0,0,0,0,0,0,0,1530489600
549,0,0,0,0,0,0,0,0,0,0,0,0,0,0,0,0,0,0,0,0,0,0,0,0,0,0,0,0,0,0,0,0,0,1530576000
550,0,0,0,0,0,0,0,0,0,0,0,0,0,0,0,0,0,0,0,0,0,0,0,0,0,0,0,0,0,0,0,0,0,1530662400
551,0,0,0,0,0,0,0,0,0,0,0,0,0,0,0,0,0,0,0,0,0,0,0,0,0,0,0,0,0,0,0,0,0,1530748800
552,0,0,0,0,3,0,0,0,0,0,1,4,0,0,23517,39,16,20,18,0,0,0,0,0,0,0,0,0,0,0,0,0,0,1530835200
553,0,0,0,0,10,3,1,3,3,4,4,28,0,0,23543,39,16,21,19,0,0,0,0,0,0,0,0,0,0,0,0,0,0,1530921600
554,0,0,0,0,15,3,1,4,3,4,4,34,0,0,23578,39,18,22,20,0,0,0,0,0,0,0,0,0,0,0,0,0,0,1531008000
555,0,0,0,0,22,3,1,4,3,4,4,41,0,0,23734,39,17,25,23,0,0,0,0,0,0,0,0,0,0,0,0,0,0,1531094400
556,0,0,0,0,25,3,1,4,3,4,4,44,0,0,23741,39,17,26,24,0,0,0,0,0,0,0,0,0,0,0,0,0,0,1531180800
557,0,0,0,0,29,3,1,4,3,4,4,48,0,0,23701,39,17,27,25,0,0,0,0,0,0,0,0,0,0,0,0,0,0,1531267200
558,0,0,0,0,29,4,3,4,3,4,4,51,0,0,23800,39,18,28,26,0,0,0,0,0,0,0,0,0,0,0,0,0,0,1531353600
559,0,0,0,0,31,4,3,4,3,4,4,53,0,0,23807,39,19,28,26,0,0,0,0,0,0,0,0,0,0,0,0,0,0,1531440000
560,0,0,0,0,32,4,3,4,3,4,4,54,0,0,23803,39,18,29,27,0,0,0,0,0,0,0,0,0,0,0,0,0,0,1531526400
561,0,0,0,0,37,4,3,4,3,4,4,59,0,0,23780,39,18,29,27,0,0,0,0,0,0,0,0,0,0,0,0,0,0,1531612800
562,0,0,0,0,47,4,5,6,3,4,4,73,0,0,23983,39,18,29,27,0,0,0,0,0,0,0,0,0,0,0,0,0,0,1531699200
563,0,0,0,0,47,4,5,6,3,4,4,73,0,0,23769,39,24,30,28,0,0,0,0,0,0,0,0,0,0,0,0,0,0,1531785600
564,0,0,0,0,60,4,5,6,3,4,4,86,0,0,23922,39,18,32,29,0,0,0,0,0,0,0,0,0,0,0,0,0,0,1531872000
565,0,0,0,0,63,4,5,6,3,4,4,89,0,0,23992,39,19,33,30,0,0,0,0,0,0,0,0,0,0,0,0,0,0,1531958400
566,0,0,0,0,71,4,5,6,3,4,4,97,0,0,23980,39,19,33,30,0,0,0,0,0,0,0,0,0,0,0,0,0,0,1532044800
567,0,0,0,0,77,4,5,6,3,4,4,103,0,0,23928,39,19,33,30,0,0,0,0,0,0,0,0,0,0,0,0,0,0,1532131200
568,0,0,0,0,79,5,5,7,7,5,4,112,0,0,23857,42,19,33,31,0,0,0,0,0,0,0,0,0,0,0,0,0,0,1532217600
569,0,0,1,25,87,5,9,7,8,5,4,125,0,0,23907,42,19,33,31,0,0,0,0,0,0,0,0,0,0,0,0,0,0,1532304000
570,0,0,1,25,96,5,11,8,8,6,4,138,0,0,23861,42,25,35,32,0,0,0,0,0,0,0,0,0,0,0,0,0,0,1532390400
571,0,0,1,25,101,5,12,8,9,6,4,145,0,0,23840,42,19,36,33,0,0,0,0,0,0,0,0,0,0,0,0,0,0,1532476800
572,0,0,1,25,110,5,14,8,9,6,4,156,0,0,23642,42,20,37,34,0,0,0,0,0,0,0,0,0,0,0,0,0,0,1532563200
573,0,0,1,25,125,7,15,10,9,6,4,176,0,0,23705,42,21,38,35,0,0,0,0,0,0,0,0,0,0,0,0,0,0,1532649600
574,0,0,1,25,130,8,15,11,9,6,4,183,0,0,23541,42,20,38,35,0,0,0,0,0,0,0,0,0,0,0,0,0,0,1532736000
575,0,0,1,25,137,8,16,11,9,6,4,191,0,0,23633,42,19,38,35,0,0,0,0,0,0,0,0,0,0,0,0,0,0,1532822400
576,0,0,2,50,170,9,16,11,14,6,4,230,0,0,23739,42,21,39,36,0,0,0,0,0,0,0,0,0,0,0,0,0,0,1532908800
577,0,0,2,50,201,10,19,12,14,6,4,266,0,0,23606,42,20,41,38,0,0,0,0,0,0,0,0,0,0,0,0,0,0,1532995200
578,0,0,4,100,274,15,25,21,18,7,4,364,0,0,23488,42,20,42,39,0,0,0,0,0,0,0,0,0,0,0,0,0,0,1533081600
579,0,0,4,100,304,16,26,23,18,7,4,398,0,0,23618,42,20,44,41,0,0,0,0,0,0,0,0,0,0,0,0,0,0,1533168000
580,0,0,4,100,339,21,27,27,19,7,6,446,0,0,23621,42,20,45,42,0,0,0,0,0,0,0,0,0,0,0,0,0,0,1533254400
581,0,0,5,125,359,27,28,27,24,7,6,478,0,0,23797,46,20,45,42,0,0,0,0,0,0,0,0,0,0,0,0,0,0,1533340800
582,0,0,5,125,387,28,31,28,26,7,7,514,0,0,23629,46,22,46,43,0,0,0,0,0,0,0,0,0,0,0,0,0,0,1533427200
583,0,0,5,125,400,28,31,31,26,7,7,530,0,0,23781,47,20,47,44,0,0,0,0,0,0,0,0,0,0,0,0,0,0,1533513600
584,0,0,5,125,411,28,31,32,26,9,7,544,0,0,23847,47,20,48,45,0,0,0,0,0,0,0,0,0,0,0,0,0,0,1533600000
585,0,0,5,125,445,29,32,32,27,9,7,581,0,0,23890,47,20,50,46,0,0,0,0,0,0,0,0,0,0,0,0,0,0,1533686400
586,0,0,5,125,461,29,33,32,27,9,7,598,0,0,23709,48,20,52,48,0,0,0,0,0,0,0,0,0,0,0,0,0,0,1533772800
587,0,0,5,125,477,29,34,32,28,9,7,616,0,0,23728,48,19,52,48,0,0,0,0,0,0,0,0,0,0,0,0,0,0,1533859200
588,0,1,6,175,494,31,35,33,28,10,7,638,0,0,23788,48,19,53,49,0,0,0,0,0,0,0,0,0,0,0,0,0,0,1533945600
589,0,1,6,175,512,32,37,36,29,11,7,664,0,0,23831,48,18,53,49,0,0,0,0,0,0,0,0,0,0,0,0,0,0,1534032000
590,0,2,7,225,573,35,43,37,30,11,7,736,0,0,23793,48,18,55,51,0,0,0,0,0,0,0,0,0,0,0,0,0,0,1534118400
591,0,2,7,225,615,36,44,37,31,12,8,783,0,0,23835,49,20,56,52,0,0,0,0,0,0,0,0,0,0,0,0,0,0,1534204800
592,0,2,7,225,653,36,46,37,31,12,8,823,0,0,23398,51,20,57,53,0,0,0,0,0,0,0,0,0,0,0,0,0,0,1534291200
593,0,2,7,225,665,36,47,37,31,12,8,836,0,0,23390,52,22,57,53,0,0,0,0,0,0,0,0,0,0,0,0,0,0,1534377600
594,0,2,7,225,675,37,47,41,31,12,8,851,0,0,23257,52,20,57,53,0,0,0,0,0,0,0,0,0,0,0,0,0,0,1534464000
595,0,2,8,250,683,37,47,41,31,12,8,859,0,0,23268,52,20,58,54,0,0,0,0,0,0,0,0,0,0,0,0,0,0,1534550400
596,0,2,8,250,704,38,48,42,32,12,8,884,0,0,23305,52,20,58,54,0,0,0,0,0,0,0,0,0,0,0,0,0,0,1534636800
597,0,2,8,250,714,39,50,42,32,12,8,897,0,0,23441,52,20,59,55,0,0,0,0,0,0,0,0,0,0,0,0,0,0,1534723200
598,0,2,8,250,721,39,50,42,32,12,8,904,0,0,23411,52,24,59,55,0,0,0,0,0,0,0,0,0,0,0,0,0,0,1534809600
599,0,2,8,250,729,39,50,42,32,12,8,912,0,0,23402,52,20,59,55,0,0,0,0,0,0,0,0,0,0,0,0,0,0,1534896000
600,0,3,8,275,736,39,50,42,32,12,8,919,0,0,23565,52,20,60,56,0,0,0,0,0,0,0,0,0,0,0,0,0,0,1534982400
601,0,3,8,275,742,39,50,42,32,12,8,925,0,0,23626,52,21,61,57,0,0,0,0,0,0,0,0,0,0,0,0,0,0,1535068800
602,0,3,8,275,754,40,51,47,33,12,8,945,0,0,23565,52,21,61,57,0,0,0,0,0,0,0,0,0,0,0,0,0,0,1535155200
603,0,3,8,275,796,40,53,49,37,14,8,997,0,0,23601,52,22,62,58,0,0,0,0,0,0,0,0,0,0,0,0,0,0,1535241600
604,0,3,8,275,831,40,54,49,39,14,8,1035,0,0,23607,52,22,62,58,0,0,0,0,0,0,0,0,0,0,0,0,0,0,1535328000
605,0,3,8,275,850,40,56,49,44,14,8,1061,0,0,23645,52,22,63,59,0,0,0,0,0,0,0,0,0,0,0,0,0,0,1535414400
606,0,3,8,275,857,41,56,49,44,15,8,1070,0,0,23633,52,22,63,59,0,0,0,0,0,0,0,0,0,0,0,0,0,0,1535500800
607,0,3,8,275,866,41,56,49,44,15,8,1079,0,0,23562,52,22,63,59,0,0,0,0,0,0,0,0,0,0,0,0,0,0,1535587200
608,0,3,8,275,876,41,56,49,44,15,8,1089,0,0,23575,52,24,63,59,0,0,0,0,0,0,0,0,0,0,0,0,0,0,1535673600
609,0,3,8,275,883,41,58,49,44,15,8,1098,0,0,20675,52,22,63,59,0,0,0,0,0,0,0,0,0,0,0,0,0,0,1535760000
610,0,3,8,275,890,41,58,49,44,15,8,1105,0,0,21100,52,23,63,59,0,0,0,0,0,0,0,0,0,0,0,0,0,0,1535846400
611,0,3,8,275,920,41,58,49,44,16,9,1137,0,0,21023,52,23,64,60,0,0,0,0,0,0,0,0,0,0,0,0,0,0,1535932800
612,0,3,8,275,932,41,59,49,46,16,10,1153,0,0,21297,52,23,65,61,0,0,0,0,0,0,0,0,0,0,0,0,0,0,1536019200
613,0,3,8,275,935,41,59,49,46,16,12,1158,0,0,21236,52,23,65,61,0,0,0,0,0,0,0,0,0,0,0,0,0,0,1536105600
614,0,3,8,275,937,42,59,49,46,16,12,1161,0,0,21292,52,23,65,61,0,0,0,0,0,0,0,0,0,0,0,0,0,0,1536192000
615,0,3,8,275,941,42,60,49,46,16,12,1166,0,0,21336,52,23,65,61,0,0,0,0,0,0,0,0,0,0,0,0,0,0,1536278400
616,0,3,8,275,943,42,60,49,46,16,12,1168,0,0,21401,52,23,65,61,0,0,0,0,0,0,0,0,0,0,0,0,0,0,1536364800
617,0,3,8,275,944,42,60,49,47,16,13,1171,0,0,21357,52,23,65,61,0,0,0,0,0,0,0,0,0,0,0,0,0,0,1536451200
618,0,3,8,275,945,43,60,49,48,17,13,1175,0,0,21462,52,23,65,61,0,0,0,0,0,0,0,0,0,0,0,0,0,0,1536537600
619,0,3,8,275,948,43,60,49,48,17,14,1179,0,0,21346,52,23,66,62,0,0,0,0,0,0,0,0,0,0,0,0,0,0,1536624000
620,0,3,8,275,949,44,60,49,48,17,14,1181,0,0,21538,52,23,66,62,0,0,0,0,0,0,0,0,0,0,0,0,0,0,1536710400
621,0,3,8,275,949,44,60,49,49,17,14,1182,0,0,21556,52,23,66,62,0,0,0,0,0,0,0,0,0,0,0,0,0,0,1536796800
622,0,3,8,275,952,45,60,49,49,17,16,1188,0,0,21532,52,23,66,62,0,0,0,0,0,0,0,0,0,0,0,0,0,0,1536883200
623,0,3,8,275,953,45,60,49,49,17,16,1189,0,0,21576,52,23,66,62,0,0,0,0,0,0,0,0,0,0,0,0,0,0,1536969600
624,0,3,8,275,956,45,61,49,50,18,17,1196,0,0,21603,52,23,67,63,0,0,0,0,0,0,0,0,0,0,0,0,0,0,1537056000
625,0,3,8,275,957,45,61,49,50,18,17,1197,0,0,21614,52,23,67,63,0,0,0,0,0,0,0,0,0,0,0,0,0,0,1537142400
626,0,3,8,275,961,45,62,49,50,18,17,1202,0,0,21526,52,23,68,64,0,0,0,0,0,0,0,0,0,0,0,0,0,0,1537228800
627,0,3,8,275,963,45,62,49,50,18,17,1204,0,0,21500,51,24,68,64,0,0,0,0,0,0,0,0,0,0,0,0,0,0,1537315200
628,0,3,8,275,968,45,62,49,52,18,17,1211,0,0,21492,52,24,69,65,0,0,0,0,0,0,0,0,0,0,0,0,0,0,1537401600
629,0,4,8,300,971,45,62,49,52,18,17,1214,0,0,21430,52,24,70,66,0,0,0,0,0,0,0,0,0,0,0,0,0,0,1537488000
630,0,4,8,300,973,45,62,49,52,18,17,1216,0,0,21412,52,26,70,66,0,0,0,0,0,0,0,0,0,0,0,0,0,0,1537574400
631,0,4,9,325,974,45,62,49,52,18,17,1217,0,0,21416,52,24,71,67,0,0,0,0,0,0,0,0,0,0,0,0,0,0,1537660800
632,0,4,9,325,976,45,62,49,52,19,17,1220,0,0,21382,52,24,72,68,0,0,0,0,0,0,0,0,0,0,0,0,0,0,1537747200
633,0,4,10,350,979,45,62,49,52,19,18,1224,0,0,21357,52,24,72,68,0,0,0,0,0,0,0,0,0,0,0,0,0,0,1537833600
634,0,4,10,350,980,45,62,50,52,19,18,1226,0,0,21290,52,24,72,68,0,0,0,0,0,0,0,0,0,0,0,0,0,0,1537920000
635,0,4,10,350,981,45,62,50,52,19,18,1227,0,0,21257,52,24,72,68,0,0,0,0,0,0,0,0,0,0,0,0,0,0,1538006400
636,0,4,10,350,982,45,63,50,52,19,18,1229,0,0,21301,52,24,72,68,0,0,0,0,0,0,0,0,0,0,0,0,0,0,1538092800
637,0,4,10,350,982,45,63,50,52,19,19,1230,0,0,21347,52,24,72,68,0,0,0,0,0,0,0,0,0,0,0,0,0,0,1538179200
638,0,4,10,350,982,46,63,51,52,19,19,1232,0,0,21344,52,24,72,68,0,0,0,0,0,0,0,0,0,0,0,0,0,0,1538265600
639,0,4,10,350,982,46,63,51,52,19,19,1232,0,0,21204,52,24,72,68,0,0,0,0,0,0,0,0,0,0,0,0,0,0,1538352000
640,0,4,10,350,984,46,63,51,52,19,19,1234,0,0,21158,52,24,72,68,0,0,0,0,0,0,0,0,0,0,0,0,0,0,1538438400
641,0,4,10,350,987,46,64,51,52,20,19,1239,0,0,21167,52,24,72,68,0,0,0,0,0,0,0,0,0,0,0,0,0,0,1538524800
642,0,4,10,350,988,46,64,51,52,20,19,1240,0,0,21050,52,24,73,69,0,0,0,0,0,0,0,0,0,0,0,0,0,0,1538611200
643,0,4,10,350,991,46,64,51,52,22,19,1245,0,0,21046,52,24,73,69,0,0,0,0,0,0,0,0,0,0,0,0,0,0,1538697600
644,0,4,10,350,992,46,64,51,52,22,19,1246,0,0,21015,52,22,73,69,0,0,0,0,0,0,0,0,0,0,0,0,0,0,1538784000
645,0,4,10,350,992,46,64,51,52,22,19,1246,0,0,21035,52,22,73,69,0,0,0,0,0,0,0,0,0,0,0,0,0,0,1538870400
646,0,4,10,350,993,46,65,51,52,22,19,1248,0,0,21044,52,22,73,69,0,0,0,0,0,0,0,0,0,0,0,0,0,0,1538956800
647,0,4,10,350,995,46,65,52,52,22,19,1251,0,0,20883,52,24,73,69,0,0,0,0,0,0,0,0,0,0,0,0,0,0,1539043200
648,0,4,10,350,997,46,65,52,53,22,19,1254,0,0,20769,52,22,73,69,0,0,0,0,0,0,0,0,0,0,0,0,0,0,1539129600
649,0,4,10,350,998,46,65,52,53,22,19,1255,0,0,20723,52,22,74,70,0,0,0,0,0,0,0,0,0,0,0,0,0,0,1539216000
650,0,4,10,350,998,46,65,52,53,22,19,1255,0,0,20669,52,22,74,70,0,0,0,0,0,0,0,0,0,0,0,0,0,0,1539302400
651,0,4,10,350,998,46,65,52,53,22,19,1255,0,0,20654,52,22,74,70,0,0,0,0,0,0,0,0,0,0,0,0,0,0,1539388800
652,0,4,10,350,999,46,65,52,53,22,19,1256,0,0,20643,52,22,74,70,0,0,0,0,0,0,0,0,0,0,0,0,0,0,1539475200
653,0,4,10,350,1001,46,65,52,53,22,19,1258,0,0,20551,52,24,75,71,0,0,0,0,0,0,0,0,0,0,0,0,0,0,1539561600
654,0,4,10,350,1002,46,65,52,53,22,19,1259,0,0,20484,52,22,75,71,0,0,0,0,0,0,0,0,0,0,0,0,0,0,1539648000
655,0,4,10,350,1002,46,66,52,53,22,19,1260,0,0,20424,52,22,75,71,0,0,0,0,0,0,0,0,0,0,0,0,0,0,1539734400
656,0,4,10,350,1003,46,66,52,53,22,19,1261,0,0,20301,52,24,75,71,0,0,0,0,0,0,0,0,0,0,0,0,0,0,1539820800
657,0,4,9,325,1004,46,66,52,53,22,19,1262,0,0,20207,52,21,75,71,0,0,0,0,0,0,0,0,0,0,0,0,0,0,1539907200
658,0,4,9,325,1004,46,66,52,53,22,19,1262,0,0,20229,52,21,75,71,0,0,0,0,0,0,0,0,0,0,0,0,0,0,1539993600
659,0,4,9,325,1006,46,66,52,53,22,19,1264,0,0,20250,52,21,75,71,0,0,0,0,0,0,0,0,0,0,0,0,0,0,1540080000
660,0,4,9,325,1006,46,66,52,53,22,19,1264,0,0,19906,52,22,76,72,0,0,0,0,0,0,0,0,0,0,0,0,0,0,1540166400
661,0,4,9,325,1007,46,66,52,53,22,19,1265,0,0,19758,52,22,76,72,0,0,0,0,0,0,0,0,0,0,0,0,0,0,1540252800
662,0,4,9,325,1008,46,67,52,53,22,19,1267,0,0,19706,52,22,76,72,0,0,0,0,0,0,0,0,0,0,0,0,0,0,1540339200
663,0,4,9,325,1008,46,67,52,53,22,19,1267,0,0,19662,52,22,76,72,0,0,0,0,0,0,0,0,0,0,0,0,0,0,1540425600
664,0,4,9,325,1008,46,67,52,53,22,19,1267,0,0,19638,52,22,76,72,0,0,0,0,0,0,0,0,0,0,0,0,0,0,1540512000
665,0,4,9,325,1009,46,67,52,53,22,19,1268,0,0,19656,52,22,76,72,0,0,0,0,0,0,0,0,0,0,0,0,0,0,1540598400
666,0,4,9,325,1009,46,67,52,53,23,19,1269,0,0,19698,52,22,76,73,0,0,0,0,0,0,0,0,0,0,0,0,0,0,1540684800
667,0,4,9,325,1009,46,67,52,53,23,19,1269,0,0,19666,52,22,76,73,0,0,0,0,0,0,0,0,0,0,0,0,0,0,1540771200
668,0,4,9,325,1010,46,67,52,53,23,19,1270,0,0,19385,52,22,76,73,0,0,0,0,0,0,0,0,0,0,0,0,0,0,1540857600
669,0,4,9,325,1013,46,67,52,53,23,19,1273,0,0,19088,52,22,76,73,0,0,0,0,0,0,0,0,0,0,0,0,0,0,1540944000
670,0,4,9,325,1021,46,69,52,53,23,19,1283,0,0,18978,52,22,78,74,0,0,0,0,0,0,0,0,0,0,0,0,0,0,1541030400
671,0,4,9,325,1024,46,70,52,53,23,19,1287,0,0,18975,52,22,78,74,0,0,0,0,0,0,0,0,0,0,0,0,0,0,1541116800
672,0,4,9,325,1024,46,71,52,53,23,19,1288,0,0,18932,52,22,78,74,0,0,0,0,0,0,0,0,0,0,0,0,0,0,1541203200
673,0,4,9,325,1024,46,71,52,53,23,19,1288,0,0,18956,52,24,78,74,0,0,0,0,0,0,0,0,0,0,0,0,0,0,1541289600
674,0,4,9,325,1025,46,73,52,53,23,19,1291,0,0,18981,52,24,78,74,0,0,0,0,0,0,0,0,0,0,0,0,0,0,1541376000
675,0,4,9,325,1026,46,75,52,53,24,19,1295,0,0,18949,52,22,78,74,0,0,0,0,0,0,0,0,0,0,0,0,0,0,1541462400
676,0,4,9,325,1026,46,75,52,53,24,19,1295,0,0,18933,52,22,78,74,0,0,0,0,0,0,0,0,0,0,0,0,0,0,1541548800
677,0,4,9,325,1027,46,75,52,53,24,19,1296,0,0,18910,52,24,78,74,0,0,0,0,0,0,0,0,0,0,0,0,0,0,1541635200
678,0,4,9,325,1030,46,76,53,53,24,19,1301,0,0,18848,52,22,78,74,0,0,0,0,0,0,0,0,0,0,0,0,0,0,1541721600
679,0,4,9,325,1033,46,78,53,53,24,19,1306,0,0,18848,52,22,78,74,0,0,0,0,0,0,0,0,0,0,0,0,0,0,1541808000
680,0,4,9,325,1036,46,78,53,53,24,19,1309,0,0,18836,52,22,78,74,0,0,0,0,0,0,0,0,0,0,0,0,0,0,1541894400
681,0,4,9,325,1036,46,78,53,53,24,20,1310,0,0,18777,52,22,78,74,0,0,0,0,0,0,0,0,0,0,0,0,0,0,1541980800
682,0,4,9,325,1038,46,78,54,53,24,20,1313,0,0,18744,52,22,78,74,0,0,0,0,0,0,0,0,0,0,0,0,0,0,1542067200
683,0,4,9,325,1039,46,78,54,53,24,20,1314,0,0,18654,52,22,78,74,0,0,0,0,0,0,0,0,0,0,0,0,0,0,1542153600
684,0,4,9,325,1041,46,79,54,54,24,20,1318,0,0,18619,52,22,78,74,0,0,0,0,0,0,0,0,0,0,0,0,0,0,1542240000
685,0,4,9,325,1041,46,79,54,54,24,20,1318,0,0,18679,52,22,79,75,0,0,0,0,0,0,0,0,0,0,0,0,0,0,1542326400
686,0,4,9,325,1041,46,79,54,54,24,20,1318,0,0,18698,52,22,79,75,0,0,0,0,0,0,0,0,0,0,0,0,0,0,1542412800
687,0,4,9,325,1041,46,79,54,54,24,20,1318,0,0,18696,52,24,79,75,0,0,0,0,0,0,0,0,0,0,0,0,0,0,1542499200
688,0,4,9,325,1043,46,79,54,54,24,20,1320,0,0,18680,52,24,79,75,0,0,0,0,0,0,0,0,0,0,0,0,0,0,1542585600
689,0,4,9,325,1043,46,79,54,54,24,20,1320,0,0,18663,52,22,79,75,0,0,0,0,0,0,0,0,0,0,0,0,0,0,1542672000
690,0,4,9,325,1044,46,79,54,54,24,21,1322,0,0,18662,52,24,79,75,0,0,0,0,0,0,0,0,0,0,0,0,0,0,1542758400
691,0,4,9,325,1044,46,79,54,55,24,21,1323,0,0,18651,52,22,79,75,0,0,0,0,0,0,0,0,0,0,0,0,0,0,1542844800
692,0,4,9,325,1044,46,79,54,55,25,21,1324,0,0,18630,52,22,79,75,0,0,0,0,0,0,0,0,0,0,0,0,0,0,1542931200
693,0,4,9,325,1044,46,79,55,55,25,21,1325,0,0,18626,52,22,79,75,0,0,0,0,0,0,0,0,0,0,0,0,0,0,1543017600
694,0,4,9,325,1044,46,79,55,55,25,21,1325,0,0,18640,52,22,80,76,0,0,0,0,0,0,0,0,0,0,0,0,0,0,1543104000
695,0,4,9,325,1044,46,79,55,55,25,21,1325,0,0,18616,52,22,80,76,0,0,0,0,0,0,0,0,0,0,0,0,0,0,1543190400
696,0,4,9,325,1045,46,79,55,55,25,21,1326,0,0,18434,52,22,80,76,0,0,0,0,0,0,0,0,0,0,0,0,0,0,1543276800
697,0,4,9,325,1045,46,79,55,55,25,21,1326,0,0,18390,52,22,80,76,0,0,0,0,0,0,0,0,0,0,0,0,0,0,1543363200
698,0,4,9,325,1046,46,79,55,55,26,21,1328,0,0,18295,52,22,80,76,0,0,0,0,0,0,0,0,0,0,0,0,0,0,1543449600
699,0,4,9,325,1046,46,79,55,55,26,21,1328,0,0,18276,52,22,80,76,0,0,0,0,0,0,0,0,0,0,0,0,0,0,1543536000
700,0,4,9,325,1046,46,79,55,55,26,21,1328,0,0,18276,52,22,80,76,0,0,0,0,0,0,0,0,0,0,0,0,0,0,1543622400
701,0,4,9,325,1048,47,79,55,55,26,22,1332,0,0,18285,52,22,80,76,0,0,0,0,0,0,0,0,0,0,0,0,0,0,1543708800
702,0,4,9,325,1048,47,80,55,55,26,22,1333,0,0,18285,52,22,80,76,0,0,0,0,0,0,0,0,0,0,0,0,0,0,1543795200
703,0,4,9,325,1048,47,80,55,55,26,22,1333,0,0,18275,52,22,80,76,0,0,0,0,0,0,0,0,0,0,0,0,0,0,1543881600
704,0,4,9,325,1049,47,80,55,55,26,22,1334,0,0,18268,52,22,80,76,0,0,0,0,0,0,0,0,0,0,0,0,0,0,1543968000
705,0,4,9,325,1049,47,80,55,55,26,22,1334,0,0,18256,52,22,80,76,0,0,0,0,0,0,0,0,0,0,0,0,0,0,1544054400
706,0,4,9,325,1049,48,80,55,55,27,22,1336,0,0,18254,52,22,80,76,0,0,0,0,0,0,0,0,0,0,0,0,0,0,1544140800
707,0,4,9,325,1049,48,80,56,55,27,22,1337,0,0,18209,52,22,80,76,0,0,0,0,0,0,0,0,0,0,0,0,0,0,1544227200
708,0,4,9,325,1049,48,80,56,55,27,22,1337,0,0,18205,52,22,80,76,0,0,0,0,0,0,0,0,0,0,0,0,0,0,1544313600
709,0,4,9,325,1049,48,80,56,55,27,22,1337,0,0,18078,52,22,80,76,0,0,0,0,0,0,0,0,0,0,0,0,0,0,1544400000
710,0,4,9,325,1053,48,80,56,55,27,22,1341,0,0,18069,52,22,80,76,0,0,0,0,0,0,0,0,0,0,0,0,0,0,1544486400
711,0,4,10,350,1055,48,80,56,55,27,22,1343,0,0,18044,52,22,80,76,0,0,0,0,0,0,0,0,0,0,0,0,0,0,1544572800
712,0,4,10,350,1055,48,80,56,55,27,22,1343,0,0,18052,51,22,80,76,0,0,0,0,0,0,0,0,0,0,0,0,0,0,1544659200
713,0,4,10,350,1056,48,80,56,55,27,22,1344,0,0,17999,51,22,80,76,0,0,0,0,0,0,0,0,0,0,0,0,0,0,1544745600
714,0,4,10,350,1056,48,80,56,55,27,22,1344,0,0,18009,51,22,80,76,0,0,0,0,0,0,0,0,0,0,0,0,0,0,1544832000
715,0,4,10,350,1056,48,80,56,55,27,22,1344,0,0,18023,51,22,80,76,0,0,0,0,0,0,0,0,0,0,0,0,0,0,1544918400
716,0,4,10,350,1056,48,80,56,55,27,22,1344,0,0,18021,51,22,80,76,0,0,0,0,0,0,0,0,0,0,0,0,0,0,1545004800
717,0,4,10,350,1056,48,80,56,55,27,22,1344,0,0,17762,51,22,80,76,0,0,0,0,0,0,0,0,0,0,0,0,0,0,1545091200
718,0,4,9,325,1056,48,80,56,55,27,22,1344,0,0,17742,51,22,81,77,0,0,0,0,0,0,0,0,0,0,0,0,0,0,1545177600
719,0,4,9,325,1056,48,80,56,55,27,22,1344,0,0,17431,50,22,81,77,0,0,0,0,0,0,0,0,0,0,0,0,0,0,1545264000
720,0,4,9,325,1056,48,80,56,55,27,22,1344,0,0,17433,50,22,81,77,0,0,0,0,0,0,0,0,0,0,0,0,0,0,1545350400
721,0,4,9,325,1056,48,80,56,55,27,22,1344,0,0,17394,50,24,81,77,0,0,0,0,0,0,0,0,0,0,0,0,0,0,1545436800
722,0,4,9,325,1059,48,81,56,55,27,22,1348,0,0,17401,50,22,81,77,0,0,0,0,0,0,0,0,0,0,0,0,0,0,1545523200
723,0,4,9,325,1059,48,81,56,55,27,22,1348,0,0,17246,50,22,81,77,0,0,0,0,0,0,0,0,0,0,0,0,0,0,1545609600
724,0,4,9,325,1059,48,81,56,55,27,22,1348,0,0,17323,50,24,81,77,0,0,0,0,0,0,0,0,0,0,0,0,0,0,1545696000
725,0,4,9,325,1059,48,81,56,55,27,22,1348,0,0,17331,50,22,81,77,0,0,0,0,0,0,0,0,0,0,0,0,0,0,1545782400
726,0,4,9,325,1060,48,81,56,55,27,22,1349,0,0,16684,50,22,81,77,0,0,0,0,0,0,0,0,0,0,0,0,0,0,1545868800
727,0,4,9,325,1061,48,81,56,55,27,22,1350,0,0,16760,50,22,81,77,0,0,0,0,0,0,0,0,0,0,0,0,0,0,1545955200
728,0,4,9,325,1061,48,81,56,55,27,22,1350,0,0,16855,50,22,81,77,0,0,0,0,0,0,0,0,0,0,0,0,0,0,1546041600
729,0,4,9,325,1061,48,81,56,55,27,22,1350,0,0,16895,50,22,82,78,0,0,0,0,0,0,0,0,0,0,0,0,0,0,1546128000
730,0,4,9,325,1061,48,81,56,55,27,22,1350,0,0,16437,50,22,82,78,0,0,0,0,0,0,0,0,0,0,0,0,0,0,1546214400
731,0,4,9,325,1061,48,81,57,55,27,22,1351,0,0,16656,50,22,82,78,0,0,0,0,0,0,0,0,0,0,0,0,0,0,1546300800
732,0,4,9,325,1061,48,81,57,55,27,22,1351,0,0,16589,50,22,82,78,0,0,0,0,0,0,0,0,0,0,0,0,0,0,1546387200
733,0,4,9,325,1061,48,81,57,55,27,22,1351,0,0,16588,50,22,82,78,0,0,0,0,0,0,0,0,0,0,0,0,0,0,1546473600
734,0,4,9,325,1061,48,81,57,55,28,22,1352,0,0,16461,50,22,82,78,0,0,0,0,0,0,0,0,0,0,0,0,0,0,1546560000
735,0,4,9,325,1061,48,81,57,55,28,22,1352,0,0,16605,50,22,82,78,0,0,0,0,0,0,0,0,0,0,0,0,0,0,1546646400
736,0,4,9,325,1061,48,81,57,55,28,22,1352,0,0,16710,50,22,82,78,0,0,0,0,0,0,0,0,0,0,0,0,0,0,1546732800
737,0,4,9,325,1061,48,81,57,55,28,22,1352,0,0,16758,50,22,82,78,0,0,0,0,0,0,0,0,0,0,0,0,0,0,1546819200
738,0,4,9,325,1061,48,81,57,55,28,22,1352,0,0,16594,50,22,82,78,0,0,0,0,0,0,0,0,0,0,0,0,0,0,1546905600
739,0,4,9,325,1061,48,81,57,55,28,22,1352,0,0,16490,49,22,82,78,0,0,0,0,0,0,0,0,0,0,0,0,0,0,1546992000
740,0,4,9,325,1062,48,81,57,55,28,22,1353,0,0,16493,49,22,82,78,0,0,0,0,0,0,0,0,0,0,0,0,0,0,1547078400
741,0,4,9,325,1062,48,81,57,55,28,22,1353,0,0,16459,49,24,82,78,0,0,0,0,0,0,0,0,0,0,0,0,0,0,1547164800
742,0,4,9,325,1062,48,81,57,55,28,22,1353,0,0,16542,49,22,82,78,0,0,0,0,0,0,0,0,0,0,0,0,0,0,1547251200
743,0,5,9,350,1062,48,81,57,55,29,22,1354,0,0,16573,49,22,82,78,0,0,0,0,0,0,0,0,0,0,0,0,0,0,1547337600
744,0,5,9,350,1063,48,81,57,55,29,22,1355,0,0,16571,49,22,82,78,0,0,0,0,0,0,0,0,0,0,0,0,0,0,1547424000
745,0,5,9,350,1063,48,81,57,55,29,22,1355,0,0,16564,49,22,82,78,0,0,0,0,0,0,0,0,0,0,0,0,0,0,1547510400
746,0,5,9,350,1063,48,81,57,55,29,22,1355,0,0,16354,49,22,82,78,0,0,0,0,0,0,0,0,0,0,0,0,0,0,1547596800
747,0,5,9,350,1063,48,82,57,55,29,22,1356,0,0,16369,49,22,82,78,0,0,0,0,0,0,0,0,0,0,0,0,0,0,1547683200
748,0,5,9,350,1063,48,82,57,55,29,22,1356,0,0,16337,49,22,82,78,0,0,0,0,0,0,0,0,0,0,0,0,0,0,1547769600
749,0,5,9,350,1063,48,82,57,55,29,22,1356,0,0,16400,49,23,82,78,0,0,0,0,0,0,0,0,0,0,0,0,0,0,1547856000
750,0,5,9,350,1063,48,82,57,55,29,23,1357,0,0,16423,49,23,82,78,0,0,0,0,0,0,0,0,0,0,0,0,0,0,1547942400
751,0,5,9,350,1063,48,82,57,55,29,23,1357,0,0,16432,49,23,82,78,0,0,0,0,0,0,0,0,0,0,0,0,0,0,1548028800
752,0,5,9,350,1063,48,82,57,55,30,23,1358,0,0,16446,49,23,82,78,0,0,0,0,0,0,0,0,0,0,0,0,0,0,1548115200
753,0,5,9,350,1066,48,82,57,55,30,23,1361,0,0,16366,49,23,82,78,0,0,0,0,0,0,0,0,0,0,0,0,0,0,1548201600
754,0,5,9,350,1067,48,82,57,55,30,23,1362,0,0,16356,49,23,82,78,0,0,0,0,0,0,0,0,0,0,0,0,0,0,1548288000
755,0,5,9,350,1067,48,82,57,55,30,23,1362,0,0,16311,49,23,82,78,0,0,0,0,0,0,0,0,0,0,0,0,0,0,1548374400
756,0,5,9,350,1067,48,82,57,55,30,23,1362,0,0,16227,49,23,82,78,0,0,0,0,0,0,0,0,0,0,0,0,0,0,1548460800
757,0,5,9,350,1067,48,82,57,55,30,23,1362,0,0,16273,49,23,82,78,0,0,0,0,0,0,0,0,0,0,0,0,0,0,1548547200
758,0,5,9,350,1067,48,82,57,55,30,23,1362,0,0,16290,49,23,82,78,0,0,0,0,0,0,0,0,0,0,0,0,0,0,1548633600
759,0,5,9,350,1067,48,82,57,55,30,23,1362,0,0,16223,49,23,82,78,0,0,0,0,0,0,0,0,0,0,0,0,0,0,1548720000
760,0,5,9,350,1067,48,82,57,55,30,23,1362,0,0,16254,49,23,82,78,0,0,0,0,0,0,0,0,0,0,0,0,0,0,1548806400
761,0,5,9,350,1067,48,82,57,55,30,23,1362,0,0,16111,49,23,82,78,0,0,0,0,0,0,0,0,0,0,0,0,0,0,1548892800
762,0,5,9,350,1067,48,82,57,55,30,23,1362,0,0,16188,49,23,82,78,0,0,0,0,0,0,0,0,0,0,0,0,0,0,1548979200
763,0,5,9,350,1067,48,82,57,55,30,23,1362,0,0,16160,49,23,82,78,0,0,0,0,0,0,0,0,0,0,0,0,0,0,1549065600
764,0,5,9,350,1067,48,82,57,55,30,23,1362,0,0,16226,49,23,82,78,0,0,0,0,0,0,0,0,0,0,0,0,0,0,1549152000
765,0,5,9,350,1067,48,82,57,55,30,23,1362,0,0,16185,49,23,82,78,0,0,0,0,0,0,0,0,0,0,0,0,0,0,1549238400
766,0,5,9,350,1067,48,82,57,55,30,23,1362,0,0,16033,49,23,82,78,0,0,0,0,0,0,0,0,0,0,0,0,0,0,1549324800
767,0,5,9,350,1067,48,82,57,55,30,23,1362,0,0,16245,49,23,82,78,0,0,0,0,0,0,0,0,0,0,0,0,0,0,1549411200
768,0,5,9,350,1067,48,82,57,55,30,23,1362,0,0,16264,49,23,82,78,0,0,0,0,0,0,0,0,0,0,0,0,0,0,1549497600
769,0,5,9,350,1067,48,82,57,55,30,23,1362,0,0,16159,49,23,82,78,0,0,0,0,0,0,0,0,0,0,0,0,0,0,1549584000
770,0,5,9,350,1067,48,82,57,55,30,23,1362,0,0,16150,49,23,82,78,0,0,0,0,0,0,0,0,0,0,0,0,0,0,1549670400
771,0,5,9,350,1067,48,82,57,55,30,23,1362,0,0,16067,49,23,82,78,0,0,0,0,0,0,0,0,0,0,0,0,0,0,1549756800
772,0,5,9,350,1067,48,82,57,55,30,23,1362,0,0,16149,49,23,82,78,0,0,0,0,0,0,0,0,0,0,0,0,0,0,1549843200
773,0,5,9,350,1067,48,82,57,55,30,23,1362,0,0,16015,49,23,82,78,0,0,0,0,0,0,0,0,0,0,0,0,0,0,1549929600
774,0,5,9,350,1067,48,82,57,55,30,23,1362,0,0,15961,49,23,82,78,0,0,0,0,0,0,0,0,0,0,0,0,0,0,1550016000
775,0,5,9,350,1067,48,82,57,55,30,23,1362,0,0,16087,48,23,82,78,0,0,0,0,0,0,0,0,0,0,0,0,0,0,1550102400
776,0,5,9,350,1068,48,82,57,55,30,23,1363,0,0,15999,48,23,82,78,0,0,0,0,0,0,0,0,0,0,0,0,0,0,1550188800
777,0,5,9,350,1068,48,82,57,55,30,23,1363,0,0,16066,48,23,82,78,0,0,0,0,0,0,0,0,0,0,0,0,0,0,1550275200
778,0,5,9,350,1068,48,82,57,55,30,23,1363,0,0,16112,48,23,83,79,0,0,0,0,0,0,0,0,0,0,0,0,0,0,1550361600
779,0,5,9,350,1068,48,82,57,55,30,23,1363,0,0,16134,48,23,83,79,0,0,0,0,0,0,0,0,0,0,0,0,0,0,1550448000
780,0,5,9,350,1068,48,82,57,55,30,23,1363,0,0,16053,48,23,83,79,0,0,0,0,0,0,0,0,0,0,0,0,0,0,1550534400
781,0,5,9,350,1068,48,82,57,55,30,23,1363,0,0,15996,48,23,83,79,0,0,0,0,0,0,0,0,0,0,0,0,0,0,1550620800
782,0,5,9,350,1069,48,82,57,55,30,23,1364,0,0,16088,48,23,83,79,0,0,0,0,0,0,0,0,0,0,0,0,0,0,1550707200
783,0,5,9,350,1069,48,82,57,55,30,23,1364,0,0,16078,49,23,83,79,0,0,0,0,0,0,0,0,0,0,0,0,0,0,1550793600
784,0,5,9,350,1069,48,82,57,55,30,23,1364,0,0,16136,49,23,83,79,0,0,0,0,0,0,0,0,0,0,0,0,0,0,1550880000
785,0,5,9,350,1070,48,82,57,55,30,23,1365,0,0,16090,49,23,83,79,0,0,0,0,0,0,0,0,0,0,0,0,0,0,1550966400
786,0,5,9,350,1070,48,82,57,55,30,23,1365,0,0,15965,49,23,83,79,0,0,0,0,0,0,0,0,0,0,0,0,0,0,1551052800
787,0,5,9,350,1070,48,82,57,55,30,23,1365,0,0,16108,49,23,83,79,0,0,0,0,0,0,0,0,0,0,0,0,0,0,1551139200
788,0,5,9,350,1070,48,82,57,55,30,23,1365,0,0,16098,49,23,83,79,0,0,0,0,0,0,0,0,0,0,0,0,0,0,1551225600
789,0,5,9,350,1070,48,82,57,55,30,23,1365,0,0,16150,49,23,83,79,0,0,0,0,0,0,0,0,0,0,0,0,0,0,1551312000
790,0,5,9,350,1071,48,82,57,55,30,23,1366,0,0,16100,49,23,83,79,0,0,0,0,0,0,0,0,0,0,0,0,0,0,1551398400
791,0,5,9,350,1071,48,82,57,55,30,23,1366,0,0,16073,49,23,83,79,0,0,0,0,0,0,0,0,0,0,0,0,0,0,1551484800
792,0,5,9,350,1072,48,82,57,55,30,23,1367,0,0,16078,49,23,83,79,0,0,0,0,0,0,0,0,0,0,0,0,0,0,1551571200
793,0,5,9,350,1072,48,82,57,55,30,23,1367,0,0,16012,49,23,83,79,0,0,0,0,0,0,0,0,0,0,0,0,0,0,1551657600
794,0,5,9,350,1072,48,82,57,55,30,23,1367,0,0,16059,49,23,83,79,0,0,0,0,0,0,0,0,0,0,0,0,0,0,1551744000
795,0,5,9,350,1072,48,82,57,55,30,23,1367,0,0,16040,48,23,83,79,0,0,0,0,0,0,0,0,0,0,0,0,0,0,1551830400
796,0,5,9,350,1072,48,82,57,55,30,23,1367,0,0,16067,47,23,83,79,0,0,0,0,0,0,0,0,0,0,0,0,0,0,1551916800
797,0,5,9,350,1072,48,82,57,55,30,23,1367,0,0,16040,47,23,83,79,0,0,0,0,0,0,0,0,0,0,0,0,0,0,1552003200
798,0,5,9,350,1075,48,82,57,55,30,23,1370,0,0,16110,47,23,83,79,0,0,0,0,0,0,0,0,0,0,0,0,0,0,1552089600
799,0,5,9,350,1075,48,82,57,55,30,23,1370,0,0,16141,47,23,83,79,0,0,0,0,0,0,0,0,0,0,0,0,0,0,1552176000
800,0,5,9,350,1076,48,82,57,55,30,23,1371,0,0,16076,47,23,83,79,0,0,0,0,0,0,0,0,0,0,0,0,0,0,1552262400
801,0,5,9,350,1076,48,82,57,55,30,23,1371,0,0,16064,47,23,83,79,0,0,0,0,0,0,0,0,0,0,0,0,0,0,1552348800
802,0,5,9,350,1076,48,82,57,55,30,23,1371,0,0,16081,47,23,83,79,0,0,0,0,0,0,0,0,0,0,0,0,0,0,1552435200
803,0,5,9,350,1078,48,82,57,55,30,23,1373,0,0,15858,47,23,83,79,0,0,0,0,0,0,0,0,0,0,0,0,0,0,1552521600
804,0,5,9,350,1078,48,82,57,55,30,23,1373,0,0,15921,47,23,83,79,0,0,0,0,0,0,0,0,0,0,0,0,0,0,1552608000
805,0,5,9,350,1079,48,82,57,55,30,23,1374,0,0,16043,47,23,83,79,0,0,0,0,0,0,0,0,0,0,0,0,0,0,1552694400
806,0,5,9,350,1079,48,82,57,55,30,23,1374,0,0,16065,47,23,83,79,0,0,0,0,0,0,0,0,0,0,0,0,0,0,1552780800
807,0,5,9,350,1079,48,82,57,55,30,23,1374,0,0,15962,47,23,83,79,0,0,0,0,0,0,0,0,0,0,0,0,0,0,1552867200
808,0,5,9,350,1079,48,82,57,55,30,23,1374,0,0,15955,47,23,83,79,0,0,0,0,0,0,0,0,0,0,0,0,0,0,1552953600
809,0,5,9,350,1079,48,82,57,55,30,23,1374,0,0,15903,47,23,83,79,0,0,0,0,0,0,0,0,0,0,0,0,0,0,1553040000
810,0,5,9,350,1079,48,82,57,55,30,23,1374,0,0,15962,47,23,83,79,0,0,0,0,0,0,0,0,0,0,0,0,0,0,1553126400
811,0,5,9,350,1079,48,82,57,55,30,23,1374,0,0,15940,47,23,83,79,0,0,0,0,0,0,0,0,0,0,0,0,0,0,1553212800
812,0,5,9,350,1080,48,82,57,55,30,23,1375,0,0,15998,47,23,83,79,0,0,0,0,0,0,0,0,0,0,0,0,0,0,1553299200
813,0,5,9,350,1080,48,82,57,55,30,23,1375,0,0,16014,47,23,83,79,0,0,0,0,0,0,0,0,0,0,0,0,0,0,1553385600
814,0,5,9,350,1080,48,82,57,55,30,23,1375,0,0,15916,47,23,83,79,0,0,0,0,0,0,0,0,0,0,0,0,0,0,1553472000
815,0,5,9,350,1080,48,82,57,55,30,23,1375,0,0,15960,47,23,83,79,0,0,0,0,0,0,0,0,0,0,0,0,0,0,1553558400
816,0,5,9,350,1080,48,82,57,55,30,23,1375,0,0,15801,47,23,83,79,0,0,0,0,0,0,0,0,0,0,0,0,0,0,1553644800
817,0,5,9,350,1080,48,82,57,55,30,23,1375,0,0,15857,47,23,83,79,0,0,0,0,0,0,0,0,0,0,0,0,0,0,1553731200
818,0,5,9,350,1080,48,82,57,55,30,23,1375,0,0,15811,47,23,83,79,0,0,0,0,0,0,0,0,0,0,0,0,0,0,1553817600
819,0,5,9,350,1081,48,82,57,55,30,23,1376,0,0,15938,47,23,83,79,0,0,0,0,0,0,0,0,0,0,0,0,0,0,1553904000
820,0,5,9,350,1081,48,82,57,55,30,23,1376,0,0,15985,47,23,83,79,0,0,0,0,0,0,0,0,0,0,0,0,0,0,1553990400
821,0,5,9,350,1082,48,82,57,55,30,23,1377,0,0,15969,47,23,83,79,0,0,0,0,0,0,0,0,0,0,0,0,0,0,1554076800
822,0,5,9,350,1084,48,82,57,55,30,23,1379,0,0,15950,47,23,83,79,0,0,0,0,0,0,0,0,0,0,0,0,0,0,1554163200
823,0,5,9,350,1084,48,82,57,55,30,23,1379,0,0,15963,47,23,83,79,0,0,0,0,0,0,0,0,0,0,0,0,0,0,1554249600
824,0,5,9,350,1085,48,82,57,55,30,23,1380,0,0,15981,47,23,83,79,0,0,0,0,0,0,0,0,0,0,0,0,0,0,1554336000
825,0,5,9,350,1088,48,82,57,55,30,23,1383,0,0,16007,47,23,83,79,0,0,0,0,0,0,0,0,0,0,0,0,0,0,1554422400
826,0,5,9,350,1088,48,82,57,55,30,23,1383,0,0,16035,47,23,83,79,0,0,0,0,0,0,0,0,0,0,0,0,0,0,1554508800
827,0,5,9,350,1090,48,82,57,55,30,23,1385,0,0,16053,47,23,83,79,0,0,0,0,0,0,0,0,0,0,0,0,0,0,1554595200
828,0,5,9,350,1090,48,82,57,55,30,23,1385,0,0,16010,47,23,83,79,0,0,0,0,0,0,0,0,0,0,0,0,0,0,1554681600
829,0,5,9,350,1090,48,82,57,55,30,23,1385,0,0,16031,47,23,83,79,0,0,0,0,0,0,0,0,0,0,0,0,0,0,1554768000
830,0,5,9,350,1090,48,82,57,55,30,23,1385,0,0,16064,47,23,83,79,0,0,0,0,0,0,0,0,0,0,0,0,0,0,1554854400
831,0,5,9,350,1092,48,82,57,55,30,23,1387,0,0,16053,47,23,83,79,0,0,0,0,0,0,0,0,0,0,0,0,0,0,1554940800
832,0,5,9,350,1092,48,82,57,55,30,23,1387,0,0,16030,47,23,83,79,0,0,0,0,0,0,0,0,0,0,0,0,0,0,1555027200
833,0,5,9,350,1092,48,82,57,55,30,23,1387,0,0,16050,47,24,83,79,0,0,0,0,0,0,0,0,0,0,0,0,0,0,1555113600
834,0,5,9,350,1092,48,82,57,55,30,23,1387,0,0,16074,47,24,83,79,0,0,0,0,0,0,0,0,0,0,0,0,0,0,1555200000
835,0,5,9,350,1092,48,82,57,55,30,23,1387,0,0,16042,47,24,83,79,0,0,0,0,0,0,0,0,0,0,0,0,0,0,1555286400
836,0,5,9,350,1092,48,82,57,55,30,23,1387,0,0,16008,47,24,83,79,0,0,0,0,0,0,0,0,0,0,0,0,0,0,1555372800
837,0,5,9,350,1092,48,82,57,55,30,23,1387,0,0,16052,47,24,83,79,0,0,0,0,0,0,0,0,0,0,0,0,0,0,1555459200
838,0,5,9,350,1092,48,82,57,55,30,23,1387,0,0,16028,47,24,83,79,0,0,0,0,0,0,0,0,0,0,0,0,0,0,1555545600
839,0,5,9,350,1092,48,82,57,55,30,23,1387,0,0,16041,47,24,83,79,0,0,0,0,0,0,0,0,0,0,0,0,0,0,1555632000
840,0,5,9,350,1092,48,82,57,55,30,23,1387,0,0,16064,47,24,83,79,0,0,0,0,0,0,0,0,0,0,0,0,0,0,1555718400
841,0,5,9,350,1096,48,82,57,55,30,23,1391,0,0,16069,47,24,84,80,0,0,0,0,0,0,0,0,0,0,0,0,0,0,1555804800
842,0,5,9,350,1098,48,82,57,55,30,23,1393,0,0,16078,47,24,85,81,0,0,0,0,0,0,0,0,0,0,0,0,0,0,1555891200
843,0,5,9,350,1192,48,83,58,59,32,24,1496,0,0,16096,47,24,86,82,0,0,0,0,0,0,0,0,0,0,0,0,0,0,1555977600
844,0,5,9,350,1213,48,83,58,59,33,24,1518,0,0,16120,47,24,87,83,0,0,0,0,0,0,0,0,0,0,0,0,0,0,1556064000
845,0,5,9,350,1216,48,83,58,59,33,24,1521,0,0,16064,47,24,87,83,0,0,0,0,0,0,0,0,0,0,0,0,0,0,1556150400
846,0,5,9,350,1345,48,93,62,60,35,24,1667,0,0,16095,50,24,88,85,0,0,0,0,0,0,0,0,0,0,0,0,0,0,1556236800
847,0,5,9,350,1379,49,95,62,60,36,24,1705,0,0,16097,50,24,88,85,0,0,0,0,0,0,0,0,0,0,0,0,0,0,1556323200
848,0,5,9,350,1381,49,95,62,60,36,24,1707,0,0,16126,50,24,88,85,0,0,0,0,0,0,0,0,0,0,0,0,0,0,1556409600
849,0,5,9,350,1382,49,95,62,60,36,24,1708,0,0,16132,50,24,88,85,0,0,0,0,0,0,0,0,0,0,0,0,0,0,1556496000
850,0,5,9,350,1383,49,95,62,60,36,24,1709,0,0,16122,50,24,88,85,0,0,0,0,0,0,0,0,0,0,0,0,0,0,1556582400
851,0,5,9,350,1385,49,95,62,60,36,24,1711,0,0,16115,51,24,88,86,0,0,0,0,0,0,0,0,0,0,0,0,0,0,1556668800
852,0,5,9,350,1390,49,95,62,65,36,24,1721,0,0,16105,51,24,88,86,0,0,0,0,0,0,0,0,0,0,0,0,0,0,1556755200
853,0,5,9,350,1391,49,95,62,65,36,24,1722,0,0,16109,51,24,88,86,0,0,0,0,0,0,0,0,0,0,0,0,0,0,1556841600
854,0,5,9,350,1393,49,95,62,65,36,24,1724,0,0,16104,51,24,88,86,0,0,0,0,0,0,0,0,0,0,0,0,0,0,1556928000
855,0,5,9,350,1396,49,95,62,65,36,24,1727,0,0,16129,51,24,88,86,0,0,0,0,0,0,0,0,0,0,0,0,0,0,1557014400
856,0,5,9,350,1398,49,95,62,65,36,24,1729,0,0,16140,51,24,88,86,0,0,0,0,0,0,0,0,0,0,0,0,0,0,1557100800
857,0,5,9,350,1402,49,95,62,65,36,24,1733,0,0,16117,51,24,88,86,0,0,0,0,0,0,0,0,0,0,0,0,0,0,1557187200
858,0,5,9,350,1403,49,95,62,65,36,24,1734,0,0,16118,51,24,89,87,0,0,0,0,0,0,0,0,0,0,0,0,0,0,1557273600
859,0,5,9,350,1405,49,95,62,65,36,24,1736,0,0,16133,51,24,89,87,0,0,0,0,0,0,0,0,0,0,0,0,0,0,1557360000
860,0,5,9,350,1405,49,95,62,65,36,24,1736,0,0,16120,51,24,89,87,0,0,0,0,0,0,0,0,0,0,0,0,0,0,1557446400
861,0,5,9,350,1407,49,95,62,65,36,24,1738,0,0,16103,51,24,89,87,0,0,0,0,0,0,0,0,0,0,0,0,0,0,1557532800
862,0,5,9,350,1407,49,95,62,65,36,24,1738,0,0,16131,51,24,89,87,0,0,0,0,0,0,0,0,0,0,0,0,0,0,1557619200
863,0,5,9,350,1408,49,95,62,65,36,24,1739,0,0,16126,51,24,89,87,0,0,0,0,0,0,0,0,0,0,0,0,0,0,1557705600
864,0,5,9,350,1408,49,95,62,65,36,24,1739,0,0,16122,51,24,89,87,0,0,0,0,0,0,0,0,0,0,0,0,0,0,1557792000
865,0,5,9,350,1409,49,95,62,65,36,24,1740,0,0,16103,51,24,89,87,0,0,0,0,0,0,0,0,0,0,0,0,0,0,1557878400
866,0,5,9,350,1409,49,95,62,65,36,24,1740,0,0,16095,51,24,89,87,0,0,0,0,0,0,0,0,0,0,0,0,0,0,1557964800
867,0,5,9,350,1409,49,95,62,65,36,24,1740,0,0,16099,51,24,89,87,0,0,0,0,0,0,0,0,0,0,0,0,0,0,1558051200
868,0,5,9,350,1409,49,95,62,65,36,24,1740,0,0,16101,51,24,89,87,0,0,0,0,0,0,0,0,0,0,0,0,0,0,1558137600
869,0,5,9,350,1410,49,95,62,65,36,24,1741,0,0,16099,51,25,89,87,0,0,0,0,0,0,0,0,0,0,0,0,0,0,1558224000
870,0,5,9,350,1411,49,95,62,65,36,24,1742,0,0,16100,51,25,89,87,0,0,0,0,0,0,0,0,0,0,0,0,0,0,1558310400
871,0,5,9,350,1411,49,95,62,65,36,24,1742,0,0,16097,51,25,89,87,0,0,0,0,0,0,0,0,0,0,0,0,0,0,1558396800
872,0,5,9,350,1411,49,95,62,65,36,24,1742,0,0,16069,51,25,90,88,0,0,0,0,0,0,0,0,0,0,0,0,0,0,1558483200
873,0,5,9,350,1411,49,95,62,65,36,24,1742,0,0,16055,50,25,90,88,0,0,0,0,0,0,0,0,0,0,0,0,0,0,1558569600
874,0,5,9,350,1411,49,95,62,65,36,24,1742,0,0,16051,51,25,90,88,0,0,0,0,0,0,0,0,0,0,0,0,0,0,1558656000
875,0,5,9,350,1411,49,95,62,65,36,24,1742,0,0,16019,51,25,90,88,0,0,0,0,0,0,0,0,0,0,0,0,0,0,1558742400
876,0,5,9,350,1412,49,95,62,65,36,24,1743,0,0,16021,51,25,90,88,0,0,0,0,0,0,0,0,0,0,0,0,0,0,1558828800
877,0,5,9,350,1412,49,95,62,65,36,24,1743,0,0,16021,51,25,90,88,0,0,0,0,0,0,0,0,0,0,0,0,0,0,1558915200
878,0,5,9,350,1413,49,96,62,65,36,24,1745,0,0,16021,51,25,90,88,0,0,0,0,0,0,0,0,0,0,0,0,0,0,1559001600
879,0,5,9,350,1418,49,96,62,65,36,24,1750,0,0,16021,51,25,90,88,0,0,0,0,0,0,0,0,0,0,0,0,0,0,1559088000
880,0,5,9,350,1419,49,96,62,65,36,24,1751,0,0,16021,51,25,90,88,0,0,0,0,0,0,0,0,0,0,0,0,0,0,1559174400
881,0,5,9,350,1419,49,96,62,65,36,24,1751,0,0,16021,51,25,90,88,0,0,0,0,0,0,0,0,0,0,0,0,0,0,1559260800
882,0,5,9,350,1421,49,96,62,65,36,24,1753,0,0,16021,51,25,90,88,0,0,0,0,0,0,0,0,0,0,0,0,0,0,1559347200
883,0,5,9,350,1421,49,96,62,65,36,24,1753,0,0,16021,51,25,90,88,0,0,0,0,0,0,0,0,0,0,0,0,0,0,1559433600
884,0,5,9,350,1422,49,96,62,65,36,24,1754,0,0,16021,51,25,90,88,0,0,0,0,0,0,0,0,0,0,0,0,0,0,1559520000
885,0,5,9,350,1424,49,96,62,65,36,24,1756,0,0,16021,51,25,90,88,0,0,0,0,0,0,0,0,0,0,0,0,0,0,1559606400
886,0,5,9,350,1424,49,96,62,65,36,24,1756,0,0,16021,51,25,90,88,0,0,0,0,0,0,0,0,0,0,0,0,0,0,1559692800
887,0,5,9,350,1425,49,96,62,65,36,24,1757,0,0,16021,51,25,90,88,0,0,0,0,0,0,0,0,0,0,0,0,0,0,1559779200
888,0,5,9,350,1427,49,96,62,65,36,24,1759,0,0,16021,51,25,90,88,0,0,0,0,0,0,0,0,0,0,0,0,0,0,1559865600
889,0,5,9,350,1427,49,96,62,65,36,24,1759,0,0,16021,51,25,90,88,0,0,0,0,0,0,0,0,0,0,0,0,0,0,1559952000
890,0,5,9,350,1427,49,96,62,65,36,24,1759,0,0,16021,51,25,90,88,0,0,0,0,0,0,0,0,0,0,0,0,0,0,1560038400
891,0,5,9,350,1427,49,96,62,65,36,24,1759,0,0,16021,51,25,90,88,0,0,0,0,0,0,0,0,0,0,0,0,0,0,1560124800
892,0,5,9,350,1427,49,96,62,65,36,24,1759,0,0,16021,51,25,90,88,0,0,0,0,0,0,0,0,0,0,0,0,0,0,1560211200
893,0,5,9,350,1428,49,96,62,65,36,24,1760,0,0,16021,51,25,90,88,0,0,0,0,0,0,0,0,0,0,0,0,0,0,1560297600
894,0,5,9,350,1428,49,96,62,65,36,24,1760,0,0,16021,51,25,90,88,0,0,0,0,0,0,0,0,0,0,0,0,0,0,1560384000
895,0,5,9,350,1428,49,96,62,65,36,24,1760,0,0,16021,51,25,90,88,0,0,0,0,0,0,0,0,0,0,0,0,0,0,1560470400
896,0,5,9,350,1430,49,97,62,65,36,24,1763,0,0,16021,51,25,90,88,0,0,0,0,0,0,0,0,0,0,0,0,0,0,1560556800
897,0,5,9,350,1430,49,97,62,65,36,24,1763,0,0,16021,51,25,90,88,0,0,0,0,0,0,0,0,0,0,0,0,0,0,1560643200
898,0,5,9,350,1430,49,97,62,65,36,24,1763,0,0,16021,51,25,90,88,0,0,0,0,0,0,0,0,0,0,0,0,0,0,1560729600
899,0,5,9,350,1430,49,97,62,65,36,24,1763,0,0,16021,51,25,90,88,0,0,0,0,0,0,0,0,0,0,0,0,0,0,1560816000
900,0,5,9,350,1433,49,97,62,65,36,24,1766,0,0,16021,51,25,90,88,0,0,0,0,0,0,0,0,0,0,0,0,0,0,1560902400
901,0,5,9,350,1433,49,97,62,65,36,24,1766,0,0,16021,51,25,90,88,0,0,0,0,0,0,0,0,0,0,0,0,0,0,1560988800
902,0,5,9,350,1433,49,97,62,65,36,24,1766,0,0,16021,51,25,90,88,0,0,0,0,0,0,0,0,0,0,0,0,0,0,1561075200
903,0,5,9,350,1433,49,97,62,65,36,24,1766,0,0,16021,51,25,90,88,0,0,0,0,0,0,0,0,0,0,0,0,0,0,1561161600
904,0,5,9,350,1433,49,97,62,65,36,24,1766,0,0,16021,51,25,90,88,0,0,0,0,0,0,0,0,0,0,0,0,0,0,1561248000
905,0,5,9,350,1433,49,97,62,65,36,24,1766,0,0,16021,51,25,90,88,0,0,0,0,0,0,0,0,0,0,0,0,0,0,1561334400
906,0,5,9,350,1433,49,97,62,65,36,24,1766,0,0,16021,51,25,90,88,0,0,0,0,0,0,0,0,0,0,0,0,0,0,1561420800
907,0,5,9,350,1433,49,97,62,65,36,24,1766,0,0,16021,51,25,90,88,0,0,0,0,0,0,0,0,0,0,0,0,0,0,1561507200
908,0,5,9,350,1434,49,97,62,65,36,24,1767,0,0,16021,51,25,90,88,0,0,0,0,0,0,0,0,0,0,0,0,0,0,1561593600
909,0,5,9,350,1434,49,97,62,65,36,24,1767,0,0,16021,51,25,90,88,0,0,0,0,0,0,0,0,0,0,0,0,0,0,1561680000
910,0,5,9,350,1434,49,97,62,65,36,24,1767,0,0,16021,51,25,90,88,0,0,0,0,0,0,0,0,0,0,0,0,0,0,1561766400
911,0,5,9,350,1435,49,97,62,65,36,24,1768,0,0,16021,51,25,90,88,0,0,0,0,0,0,0,0,0,0,0,0,0,0,1561852800
912,0,5,9,350,1435,49,97,62,65,36,24,1768,0,0,16021,51,25,90,88,0,0,0,0,0,0,0,0,0,0,0,0,0,0,1561939200
913,0,5,9,350,1435,49,97,62,65,36,24,1768,0,0,16021,51,25,90,88,0,0,0,0,0,0,0,0,0,0,0,0,0,0,1562025600
914,0,5,9,350,1436,49,97,62,65,36,24,1769,0,0,16021,51,25,90,88,0,0,0,0,0,0,0,0,0,0,0,0,0,0,1562112000
915,0,5,9,350,1436,49,97,62,65,36,24,1769,0,0,16021,51,25,90,88,0,0,0,0,0,0,0,0,0,0,0,0,0,0,1562198400
916,0,5,9,350,1438,49,97,62,65,36,24,1771,0,0,16021,51,25,90,88,0,0,0,0,0,0,0,0,0,0,0,0,0,0,1562284800
917,0,5,9,350,1439,49,97,62,65,36,24,1772,0,0,16021,51,25,90,88,0,0,0,0,0,0,0,0,0,0,0,0,0,0,1562371200
918,0,5,9,350,1441,49,97,62,65,36,24,1774,0,0,16021,51,25,90,88,0,0,0,0,0,0,0,0,0,0,0,0,0,0,1562457600
919,0,5,9,350,1441,49,97,62,65,36,24,1774,0,0,16021,51,25,90,88,0,0,0,0,0,0,0,0,0,0,0,0,0,0,1562544000
920,0,5,9,350,1443,49,97,62,65,36,24,1776,0,0,16021,51,25,90,88,0,0,0,0,0,0,0,0,0,0,0,0,0,0,1562630400
921,0,5,9,350,1443,49,97,62,65,36,24,1776,0,0,16021,51,25,90,88,0,0,0,0,0,0,0,0,0,0,0,0,0,0,1562716800
922,0,5,9,350,1443,49,97,62,65,36,24,1776,0,0,16021,51,25,90,88,0,0,0,0,0,0,0,0,0,0,0,0,0,0,1562803200
923,0,5,9,350,1446,49,101,62,65,36,24,1783,0,0,16021,51,25,90,88,0,0,0,0,0,0,0,0,0,0,0,0,0,0,1562889600
924,0,5,9,350,1446,49,101,62,65,36,24,1783,0,0,16021,51,25,90,88,0,0,0,0,0,0,0,0,0,0,0,0,0,0,1562976000
925,0,5,9,350,1446,49,101,62,65,36,24,1783,0,0,16021,51,25,90,88,0,0,0,0,0,0,0,0,0,0,0,0,0,0,1563062400
926,0,5,9,350,1446,49,101,62,65,36,24,1783,0,0,16021,51,25,90,88,0,0,0,0,0,0,0,0,0,0,0,0,0,0,1563148800
927,0,5,9,350,1447,49,101,62,65,36,24,1784,0,0,16021,51,25,90,88,0,0,0,0,0,0,0,0,0,0,0,0,0,0,1563235200
928,0,5,9,350,1447,49,101,62,65,36,24,1784,0,0,16021,51,25,90,88,0,0,0,0,0,0,0,0,0,0,0,0,0,0,1563321600
929,0,5,9,350,1447,49,101,62,65,36,24,1784,0,0,16021,51,25,90,88,0,0,0,0,0,0,0,0,0,0,0,0,0,0,1563408000
930,0,5,9,350,1447,49,101,62,65,36,24,1784,0,0,16021,51,25,90,88,0,0,0,0,0,0,0,0,0,0,0,0,0,0,1563494400
931,0,5,9,350,1447,49,101,62,65,36,24,1784,0,0,16021,51,25,90,88,0,0,0,0,0,0,0,0,0,0,0,0,0,0,1563580800
932,0,5,9,350,1447,49,102,62,67,36,24,1787,0,0,16021,51,25,90,88,0,0,0,0,0,0,0,0,0,0,0,0,0,0,1563667200
933,0,5,9,350,1447,49,102,62,67,36,24,1787,0,0,16021,51,25,90,88,0,0,0,0,0,0,0,0,0,0,0,0,0,0,1563753600
934,0,5,9,350,1447,49,102,62,67,36,24,1787,0,0,16021,51,25,90,88,0,0,0,0,0,0,0,0,0,0,0,0,0,0,1563840000
935,0,5,9,350,1447,49,102,62,67,36,24,1787,0,0,16021,51,25,90,88,0,0,0,0,0,0,0,0,0,0,0,0,0,0,1563926400
936,0,5,9,350,1447,49,102,62,67,36,24,1787,0,0,16021,51,25,90,88,0,0,0,0,0,0,0,0,0,0,0,0,0,0,1564012800
937,0,5,9,350,1447,49,102,62,67,36,24,1787,0,0,16021,51,25,90,88,0,0,0,0,0,0,0,0,0,0,0,0,0,0,1564099200
938,0,5,9,350,1449,49,102,62,67,36,24,1789,0,0,16021,51,25,90,88,0,0,0,0,0,0,0,0,0,0,0,0,0,0,1564185600
939,0,5,9,350,1449,49,102,62,67,36,24,1789,0,0,16021,51,25,90,88,0,0,0,0,0,0,0,0,0,0,0,0,0,0,1564272000
940,0,5,9,350,1449,49,102,62,67,36,24,1789,0,0,16021,51,25,90,88,0,0,0,0,0,0,0,0,0,0,0,0,0,0,1564358400
941,0,5,9,350,1449,49,102,62,67,36,24,1789,0,0,16021,51,25,90,88,0,0,0,0,0,0,0,0,0,0,0,0,0,0,1564444800
942,0,5,9,350,1450,49,102,62,67,36,24,1790,0,0,16021,51,25,90,88,0,0,0,0,0,0,0,0,0,0,0,0,0,0,1564531200
943,0,5,9,350,1450,49,102,62,67,36,24,1790,0,0,16021,51,25,90,88,0,0,0,0,0,0,0,0,0,0,0,0,0,0,1564617600
944,0,5,9,350,1450,49,102,62,67,36,24,1790,0,0,16021,51,25,90,88,0,0,0,0,0,0,0,0,0,0,0,0,0,0,1564704000
945,0,5,9,350,1451,49,102,62,67,36,24,1791,0,0,16021,51,25,90,88,0,0,0,0,0,0,0,0,0,0,0,0,0,0,1564790400
946,0,5,9,350,1451,49,102,62,67,36,24,1791,0,0,16021,51,25,90,88,0,0,0,0,0,0,0,0,0,0,0,0,0,0,1564876800
947,0,5,9,350,1451,49,102,62,67,36,24,1791,0,0,16021,51,25,90,88,0,0,0,0,0,0,0,0,0,0,0,0,0,0,1564963200
948,0,5,9,350,1451,49,102,62,67,36,24,1791,0,0,16021,51,25,90,88,0,0,0,0,0,0,0,0,0,0,0,0,0,0,1565049600
949,0,5,9,350,1451,49,102,62,67,36,24,1791,0,0,16021,51,25,90,88,0,0,0,0,0,0,0,0,0,0,0,0,0,0,1565136000
950,0,5,9,350,1451,49,102,62,67,36,24,1791,0,0,16021,51,25,90,88,0,0,0,0,0,0,0,0,0,0,0,0,0,0,1565222400
951,0,5,9,350,1452,49,102,62,67,36,24,1792,0,0,16021,51,25,90,88,0,0,0,0,0,0,0,0,0,0,0,0,0,0,1565308800
952,0,5,9,350,1452,49,102,62,67,36,24,1792,0,0,16021,51,25,90,88,0,0,0,0,0,0,0,0,0,0,0,0,0,0,1565395200
953,0,5,9,350,1453,49,102,62,67,36,24,1793,0,0,16021,51,25,90,88,0,0,0,0,0,0,0,0,0,0,0,0,0,0,1565481600
954,0,5,9,350,1453,49,102,62,67,36,24,1793,0,0,16021,51,25,90,88,0,0,0,0,0,0,0,0,0,0,0,0,0,0,1565568000
955,0,5,9,350,1453,49,102,62,67,36,24,1793,0,0,16021,51,25,90,88,0,0,0,0,0,0,0,0,0,0,0,0,0,0,1565654400
956,0,5,9,350,1453,49,102,62,68,36,24,1794,0,0,16021,51,25,90,88,0,0,0,0,0,0,0,0,0,0,0,0,0,0,1565740800
957,0,5,9,350,1453,49,102,62,68,36,24,1794,0,0,16021,51,25,90,88,0,0,0,0,0,0,0,0,0,0,0,0,0,0,1565827200
958,0,5,9,350,1453,49,102,62,68,36,24,1794,0,0,16021,51,25,90,88,0,0,0,0,0,0,0,0,0,0,0,0,0,0,1565913600
959,0,5,9,350,1453,49,102,62,68,36,24,1794,0,0,16021,51,25,90,88,0,0,0,0,0,0,0,0,0,0,0,0,0,0,1566000000
960,0,5,9,350,1453,49,102,62,68,36,24,1794,0,0,16021,51,25,90,88,0,0,0,0,0,0,0,0,0,0,0,0,0,0,1566086400
961,0,5,9,350,1454,49,102,62,68,36,24,1795,0,0,16021,51,25,90,88,0,0,0,0,0,0,0,0,0,0,0,0,0,0,1566172800
962,0,5,9,350,1454,49,102,62,68,36,24,1795,0,0,16021,51,25,90,88,0,0,0,0,0,0,0,0,0,0,0,0,0,0,1566259200
963,0,5,9,350,1454,49,102,62,68,36,24,1795,0,0,16021,51,25,90,88,0,0,0,0,0,0,0,0,0,0,0,0,0,0,1566345600
964,0,5,9,350,1454,49,102,62,68,36,24,1795,0,0,16021,51,25,90,88,0,0,0,0,0,0,0,0,0,0,0,0,0,0,1566432000
965,0,5,9,350,1454,49,102,62,68,36,24,1795,0,0,16021,51,25,90,88,0,0,0,0,0,0,0,0,0,0,0,0,0,0,1566518400
966,0,5,9,350,1454,49,102,62,68,36,24,1795,0,0,16021,51,25,90,88,0,0,0,0,0,0,0,0,0,0,0,0,0,0,1566604800
967,0,5,9,350,1454,49,102,62,68,36,24,1795,0,0,16021,51,25,90,88,0,0,0,0,0,0,0,0,0,0,0,0,0,0,1566691200
968,0,5,9,350,1454,49,102,62,68,36,24,1795,0,0,16021,51,25,90,88,0,0,0,0,0,0,0,0,0,0,0,0,0,0,1566777600
969,0,5,9,350,1454,49,102,62,68,36,24,1795,0,0,16021,51,25,90,88,0,0,0,0,0,0,0,0,0,0,0,0,0,0,1566864000
970,0,5,9,350,1454,49,102,62,68,36,24,1795,0,0,16021,51,25,90,88,0,0,0,0,0,0,0,0,0,0,0,0,0,0,1566950400
971,0,5,9,350,1454,49,102,62,68,36,24,1795,0,0,16021,51,25,90,88,0,0,0,0,0,0,0,0,0,0,0,0,0,0,1567036800
972,0,5,9,350,1454,49,102,62,68,36,24,1795,0,0,16021,51,25,90,88,0,0,0,0,0,0,0,0,0,0,0,0,0,0,1567123200
973,0,5,9,350,1454,49,102,62,68,36,24,1795,0,0,16021,51,25,90,88,0,0,0,0,0,0,0,0,0,0,0,0,0,0,1567209600
974,0,5,9,350,1454,49,102,62,68,36,24,1795,0,0,16021,51,25,90,88,0,0,0,0,0,0,0,0,0,0,0,0,0,0,1567296000
975,0,5,9,350,1454,49,102,62,68,36,24,1795,0,0,16021,51,25,90,88,0,0,0,0,0,0,0,0,0,0,0,0,0,0,1567382400
976,0,5,9,350,1454,49,102,62,68,36,24,1795,0,0,16021,51,25,90,88,0,0,0,0,0,0,0,0,0,0,0,0,0,0,1567468800
977,0,5,9,350,1454,49,102,62,68,36,24,1795,0,0,16021,51,25,90,88,0,0,0,0,0,0,0,0,0,0,0,0,0,0,1567555200
978,0,5,9,350,1454,49,102,62,68,36,24,1795,0,0,16021,51,25,90,88,0,0,0,0,0,0,0,0,0,0,0,0,0,0,1567641600
979,0,5,9,350,1454,49,102,62,68,36,24,1795,0,0,16021,51,25,90,88,0,0,0,0,0,0,0,0,0,0,0,0,0,0,1567728000
980,0,5,9,350,1454,49,102,62,68,36,24,1795,0,0,16021,51,25,90,88,0,0,0,0,0,0,0,0,0,0,0,0,0,0,1567814400
981,0,5,9,350,1454,49,102,62,68,36,24,1795,0,0,16021,51,25,90,88,0,0,0,0,0,0,0,0,0,0,0,0,0,0,1567900800
982,0,5,9,350,1454,49,102,62,68,36,24,1795,0,0,16021,51,25,90,88,0,0,0,0,0,0,0,0,0,0,0,0,0,0,1567987200
983,0,5,9,350,1454,49,102,62,68,36,24,1795,0,0,16021,51,25,90,88,0,0,0,0,0,0,0,0,0,0,0,0,0,0,1568073600
984,0,5,9,350,1454,49,102,62,68,36,24,1795,0,0,16021,51,25,90,88,0,0,0,0,0,0,0,0,0,0,0,0,0,0,1568160000
985,0,5,9,350,1454,49,102,62,68,36,24,1795,0,0,16021,51,25,90,88,0,0,0,0,0,0,0,0,0,0,0,0,0,0,1568246400
986,0,5,9,350,1454,49,102,62,68,36,24,1795,0,0,16021,51,25,90,88,0,0,0,0,0,0,0,0,0,0,0,0,0,0,1568332800
987,0,5,9,350,1454,49,102,62,68,36,24,1795,0,0,16021,51,25,90,88,0,0,0,0,0,0,0,0,0,0,0,0,0,0,1568419200
988,0,5,9,350,1454,49,102,62,68,36,24,1795,0,0,16021,51,25,90,88,0,0,0,0,0,0,0,0,0,0,0,0,0,0,1568505600
989,0,5,9,350,1454,49,102,62,68,36,24,1795,0,0,16021,51,25,90,88,0,0,0,0,0,0,0,0,0,0,0,0,0,0,1568592000
990,0,5,9,350,1454,49,102,62,68,36,24,1795,0,0,16021,51,25,90,88,0,0,0,0,0,0,0,0,0,0,0,0,0,0,1568678400
991,0,5,9,350,1454,49,102,62,68,36,24,1795,0,0,16021,51,25,90,88,0,0,0,0,0,0,0,0,0,0,0,0,0,0,1568764800
992,0,5,9,350,1454,49,102,62,68,36,24,1795,0,0,16021,51,25,90,88,0,0,0,0,0,0,0,0,0,0,0,0,0,0,1568851200
993,0,5,9,350,1454,49,102,62,68,36,24,1795,0,0,16021,51,25,90,88,0,0,0,0,0,0,0,0,0,0,0,0,0,0,1568937600
994,0,5,9,350,1454,49,102,62,68,36,24,1795,0,0,16021,51,25,90,88,0,0,0,0,0,0,0,0,0,0,0,0,0,0,1569024000
995,0,5,9,350,1454,49,102,62,68,36,24,1795,0,0,16021,51,25,90,88,0,0,0,0,0,0,0,0,0,0,0,0,0,0,1569110400
996,0,5,9,350,1454,49,102,62,68,36,24,1795,0,0,16021,51,25,90,88,0,0,0,0,0,0,0,0,0,0,0,0,0,0,1569196800
997,0,5,9,350,1454,49,102,62,68,36,24,1795,0,0,16021,51,25,90,88,0,0,0,0,0,0,0,0,0,0,0,0,0,0,1569283200
998,0,5,9,350,1454,49,102,62,68,36,24,1795,0,0,16021,51,25,90,88,0,0,0,0,0,0,0,0,0,0,0,0,0,0,1569369600
999,0,5,9,350,1454,49,102,62,68,36,24,1795,0,0,16021,51,25,90,88,0,0,0,0,0,0,0,0,0,0,0,0,0,0,1569456000
1000,0,5,9,350,1454,49,102,62,68,36,24,1795,0,0,16021,51,25,90,88,0,0,0,0,0,0,0,0,0,0,0,0,0,0,1569542400
1001,0,5,9,350,1454,49,102,62,68,36,24,1795,0,0,16021,51,25,90,88,0,0,0,0,0,0,0,0,0,0,0,0,0,0,1569628800
1002,0,5,9,350,1454,49,102,62,68,36,24,1795,0,0,16021,51,25,90,88,0,0,0,0,0,0,0,0,0,0,0,0,0,0,1569715200
1003,0,5,9,350,1454,49,102,62,68,36,24,1795,0,0,16021,51,25,90,88,0,0,0,0,0,0,0,0,0,0,0,0,0,0,1569801600
1004,0,5,9,350,1454,49,102,62,68,36,24,1795,0,0,16021,51,25,90,88,0,0,0,0,0,0,0,0,0,0,0,0,0,0,1569888000
1005,0,5,9,350,1454,49,102,62,68,36,24,1795,0,0,16021,51,25,90,88,0,0,0,0,0,0,0,0,0,0,0,0,0,0,1569974400
1006,0,5,9,350,1454,49,102,62,68,36,24,1795,0,0,16021,51,25,90,88,0,0,0,0,0,0,0,0,0,0,0,0,0,0,1570060800
1007,0,5,9,350,1454,49,102,62,68,36,24,1795,0,0,16021,51,25,90,88,0,0,0,0,0,0,0,0,0,0,0,0,0,0,1570147200
1008,0,5,9,350,1454,49,102,62,68,36,24,1795,0,0,16021,51,25,90,88,0,0,0,0,0,0,0,0,0,0,0,0,0,0,1570233600
1009,0,5,9,350,1454,49,102,62,68,36,24,1795,0,0,16021,51,25,90,88,0,0,0,0,0,0,0,0,0,0,0,0,0,0,1570320000
1010,0,5,9,350,1454,49,102,62,68,36,24,1795,0,0,16021,51,25,90,88,0,0,0,0,0,0,0,0,0,0,0,0,0,0,1570406400
1011,0,5,9,350,1454,49,102,62,68,36,24,1795,0,0,16021,51,25,90,88,0,0,0,0,0,0,0,0,0,0,0,0,0,0,1570492800
1012,0,5,9,350,1454,49,102,62,68,36,24,1795,0,0,16021,51,25,90,88,0,0,0,0,0,0,0,0,0,0,0,0,0,0,1570579200
1013,0,5,9,350,1455,49,102,62,68,36,24,1796,0,0,16021,51,25,90,88,0,0,0,0,0,0,0,0,0,0,0,0,0,0,1570665600
1014,0,5,9,350,1455,49,102,62,68,36,24,1796,0,0,16021,51,25,90,88,0,0,0,0,0,0,0,0,0,0,0,0,0,0,1570752000
1015,0,5,9,350,1455,49,102,62,68,36,24,1796,0,0,16021,51,25,90,88,0,0,0,0,0,0,0,0,0,0,0,0,0,0,1570838400
1016,0,5,9,350,1457,49,102,62,68,36,24,1798,0,0,16021,51,25,90,88,0,0,0,0,0,0,0,0,0,0,0,0,0,0,1570924800
1017,0,5,9,350,1457,49,102,62,68,36,24,1798,0,0,16021,51,25,90,88,0,0,0,0,0,0,0,0,0,0,0,0,0,0,1571011200
1018,0,5,9,350,1457,49,102,62,68,36,24,1798,0,0,16021,51,25,90,88,0,0,0,0,0,0,0,0,0,0,0,0,0,0,1571097600
1019,0,4,9,325,1457,49,102,62,68,36,24,1798,0,0,16021,51,25,90,88,0,0,0,0,0,0,0,0,0,0,0,0,0,0,1571184000
1020,0,4,9,325,1457,49,102,62,68,36,24,1798,0,0,16021,51,25,90,88,0,0,0,0,0,0,0,0,0,0,0,0,0,0,1571270400
1021,0,4,9,325,1457,49,102,62,68,36,24,1798,0,0,16021,51,25,90,88,0,0,0,0,0,0,0,0,0,0,0,0,0,0,1571356800
1022,0,4,9,325,1457,49,102,62,68,36,24,1798,0,0,16021,51,25,90,88,0,0,0,0,0,0,0,0,0,0,0,0,0,0,1571443200
1023,0,4,9,325,1457,49,102,62,68,36,24,1798,0,0,16021,51,25,90,88,0,0,0,0,0,0,0,0,0,0,0,0,0,0,1571529600
1024,0,4,9,325,1457,49,102,62,68,36,24,1798,0,0,16021,51,25,90,88,0,0,0,0,0,0,0,0,0,0,0,0,0,0,1571616000
1025,0,4,9,325,1457,49,102,62,68,36,24,1798,0,0,16021,51,25,90,88,0,0,0,0,0,0,0,0,0,0,0,0,0,0,1571702400
1026,0,4,9,325,1457,49,102,62,68,36,24,1798,0,0,16021,51,25,90,88,0,0,0,0,0,0,0,0,0,0,0,0,0,0,1571788800
1027,0,4,9,325,1457,49,102,62,68,36,24,1798,0,0,16021,51,25,90,88,0,0,0,0,0,0,0,0,0,0,0,0,0,0,1571875200
1028,0,4,9,325,1457,49,102,62,68,36,24,1798,0,0,16021,51,25,90,88,0,0,0,0,0,0,0,0,0,0,0,0,0,0,1571961600
1029,0,4,9,325,1457,49,102,62,68,36,24,1798,0,0,16021,51,25,90,88,0,0,0,0,0,0,0,0,0,0,0,0,0,0,1572048000
1030,0,4,9,325,1457,49,102,62,68,36,24,1798,0,0,16021,51,25,90,88,0,0,0,0,0,0,0,0,0,0,0,0,0,0,1572134400
1031,0,4,9,325,1457,49,102,62,68,36,24,1798,0,0,16021,51,25,90,88,0,0,0,0,0,0,0,0,0,0,0,0,0,0,1572220800
1032,0,4,9,325,1457,49,102,62,68,36,24,1798,0,0,16021,51,25,90,88,0,0,0,0,0,0,0,0,0,0,0,0,0,0,1572307200
1033,0,4,9,325,1457,49,102,62,68,36,24,1798,0,0,16021,51,25,90,88,0,0,0,0,0,0,0,0,0,0,0,0,0,0,1572393600
1034,0,4,9,325,1458,49,102,62,68,36,24,1799,0,0,16021,51,25,90,88,0,0,0,0,0,0,0,0,0,0,0,0,0,0,1572480000
1035,0,4,9,325,1458,49,102,62,68,36,24,1799,0,0,16021,51,25,90,88,0,0,0,0,0,0,0,0,0,0,0,0,0,0,1572566400
1036,0,4,9,325,1458,49,102,62,68,36,24,1799,0,0,16021,51,25,90,88,0,0,0,0,0,0,0,0,0,0,0,0,0,0,1572652800
1037,0,4,9,325,1458,49,102,62,68,36,24,1799,0,0,16021,51,25,90,88,0,0,0,0,0,0,0,0,0,0,0,0,0,0,1572739200
1038,0,4,9,325,1458,49,102,62,68,36,24,1799,0,0,16021,51,25,90,88,0,0,0,0,0,0,0,0,0,0,0,0,0,0,1572825600
1039,0,4,9,325,1458,49,102,62,68,36,24,1799,0,0,16021,51,25,90,88,0,0,0,0,0,0,0,0,0,0,0,0,0,0,1572912000
1040,0,4,9,325,1458,49,102,62,68,36,24,1799,0,0,16021,51,25,90,88,0,0,0,0,0,0,0,0,0,0,0,0,0,0,1572998400
1041,0,4,9,325,1458,49,102,62,68,36,24,1799,0,0,16021,51,25,90,88,0,0,0,0,0,0,0,0,0,0,0,0,0,0,1573084800
1042,0,4,9,325,1458,49,102,62,68,36,24,1799,0,0,16021,51,25,90,88,0,0,0,0,0,0,0,0,0,0,0,0,0,0,1573171200
1043,0,4,9,325,1458,49,102,62,68,36,24,1799,0,0,16021,51,25,90,88,0,0,0,0,0,0,0,0,0,0,0,0,0,0,1573257600
1044,0,4,9,325,1458,49,102,62,68,36,24,1799,0,0,16021,51,25,90,88,0,0,0,0,0,0,0,0,0,0,0,0,0,0,1573344000
1045,0,4,9,325,1458,49,102,62,68,36,24,1799,0,0,16021,51,25,90,88,0,0,0,0,0,0,0,0,0,0,0,0,0,0,1573430400
1046,0,4,9,325,1458,49,102,62,68,36,24,1799,0,0,16021,51,25,90,88,0,0,0,0,0,0,0,0,0,0,0,0,0,0,1573516800
1047,0,4,9,325,1458,49,102,62,68,36,24,1799,0,0,16021,51,25,90,88,0,0,0,0,0,0,0,0,0,0,0,0,0,0,1573603200
1048,0,4,9,325,1458,49,102,62,68,36,24,1799,0,0,16021,51,25,90,88,0,0,0,0,0,0,0,0,0,0,0,0,0,0,1573689600
1049,0,4,9,325,1458,49,102,62,68,36,24,1799,0,0,16021,51,25,90,88,0,0,0,0,0,0,0,0,0,0,0,0,0,0,1573776000
1050,0,4,9,325,1458,49,102,62,68,36,24,1799,0,0,16021,51,25,90,88,0,0,0,0,0,0,0,0,0,0,0,0,0,0,1573862400
1051,0,4,9,325,1458,49,102,62,68,36,24,1799,0,0,16021,51,25,90,88,0,0,0,0,0,0,0,0,0,0,0,0,0,0,1573948800
1052,0,4,9,325,1458,49,102,62,68,36,24,1799,0,0,16021,51,25,90,88,0,0,0,0,0,0,0,0,0,0,0,0,0,0,1574035200
1053,0,4,9,325,1458,49,102,62,68,36,24,1799,0,0,16021,51,25,90,88,0,0,0,0,0,0,0,0,0,0,0,0,0,0,1574121600
1054,0,4,9,325,1459,49,102,62,68,36,24,1800,0,0,16021,51,25,90,88,0,0,0,0,0,0,0,0,0,0,0,0,0,0,1574208000
1055,0,4,9,325,1459,49,102,62,68,36,24,1800,0,0,16021,51,25,90,88,0,0,0,0,0,0,0,0,0,0,0,0,0,0,1574294400
1056,0,4,9,325,1459,49,102,62,68,36,24,1800,0,0,16021,51,25,90,88,0,0,0,0,0,0,0,0,0,0,0,0,0,0,1574380800
1057,0,4,9,325,1459,49,102,62,68,36,24,1800,0,0,16021,51,25,90,88,0,0,0,0,0,0,0,0,0,0,0,0,0,0,1574467200
1058,0,4,9,325,1459,49,102,62,68,36,24,1800,0,0,16021,51,25,90,88,0,0,0,0,0,0,0,0,0,0,0,0,0,0,1574553600
1059,0,4,9,325,1459,49,102,62,68,36,24,1800,0,0,16021,51,25,90,88,0,0,0,0,0,0,0,0,0,0,0,0,0,0,1574640000
1060,0,4,9,325,1459,49,102,62,68,36,24,1800,0,0,16021,51,25,90,88,0,0,0,0,0,0,0,0,0,0,0,0,0,0,1574726400
1061,0,4,9,325,1459,49,102,62,68,36,24,1800,0,0,16021,51,25,90,88,0,0,0,0,0,0,0,0,0,0,0,0,0,0,1574812800
1062,0,4,9,325,1459,49,102,62,68,36,24,1800,0,0,16021,51,25,90,88,0,0,0,0,0,0,0,0,0,0,0,0,0,0,1574899200
1063,0,4,9,325,1459,49,102,62,68,36,24,1800,0,0,16021,51,25,90,88,0,0,0,0,0,0,0,0,0,0,0,0,0,0,1574985600
1064,0,4,9,325,1459,49,102,62,68,36,24,1800,0,0,16021,51,25,90,88,0,0,0,0,0,0,0,0,0,0,0,0,0,0,1575072000
1065,0,4,9,325,1459,49,102,62,68,36,24,1800,0,0,16021,51,25,90,88,0,0,0,0,0,0,0,0,0,0,0,0,0,0,1575158400
1066,0,4,9,325,1459,49,102,62,68,36,24,1800,0,0,16021,51,25,90,88,0,0,0,0,0,0,0,0,0,0,0,0,0,0,1575244800
1067,0,4,9,325,1459,49,102,62,68,36,24,1800,0,0,16021,51,25,90,88,0,0,0,0,0,0,0,0,0,0,0,0,0,0,1575331200
1068,0,4,9,325,1459,49,102,62,68,36,24,1800,0,0,16021,51,25,90,88,0,0,0,0,0,0,0,0,0,0,0,0,0,0,1575417600
1069,0,4,9,325,1459,49,102,62,68,36,24,1800,0,0,16021,51,25,90,88,0,0,0,0,0,0,0,0,0,0,0,0,0,0,1575504000
1070,0,4,9,325,1459,49,102,62,68,36,24,1800,0,0,16021,51,25,90,88,0,0,0,0,0,0,0,0,0,0,0,0,0,0,1575590400
1071,0,4,9,325,1459,49,102,62,68,36,24,1800,0,0,16021,51,25,90,88,0,0,0,0,0,0,0,0,0,0,0,0,0,0,1575676800
1072,0,4,9,325,1460,49,102,62,68,36,24,1801,0,0,16021,51,25,90,88,0,0,0,0,0,0,0,0,0,0,0,0,0,0,1575763200
1073,0,4,9,325,1462,49,102,62,68,36,24,1803,0,0,16021,51,25,90,88,0,0,0,0,0,0,0,0,0,0,0,0,0,0,1575849600
1074,0,4,9,325,1462,49,102,62,68,36,24,1803,0,0,16021,51,25,90,88,0,0,0,0,0,0,0,0,0,0,0,0,0,0,1575936000
1075,0,4,9,325,1462,49,102,62,68,36,24,1803,0,0,16021,51,25,90,88,0,0,0,0,0,0,0,0,0,0,0,0,0,0,1576022400
1076,0,4,9,325,1462,49,102,62,68,36,24,1803,0,0,16021,51,25,90,88,0,0,0,0,0,0,0,0,0,0,0,0,0,0,1576108800
1077,0,4,9,325,1462,49,102,62,68,36,24,1803,0,0,16021,51,25,90,88,0,0,0,0,0,0,0,0,0,0,0,0,0,0,1576195200
1078,0,4,9,325,1462,49,102,62,68,36,24,1803,0,0,16021,51,25,90,88,0,0,0,0,0,0,0,0,0,0,0,0,0,0,1576281600
1079,0,4,9,325,1462,49,102,62,68,36,24,1803,0,0,16021,51,25,90,88,0,0,0,0,0,0,0,0,0,0,0,0,0,0,1576368000
1080,0,4,9,325,1462,49,102,62,68,36,24,1803,0,0,16021,51,25,90,88,0,0,0,0,0,0,0,0,0,0,0,0,0,0,1576454400
1081,0,4,9,325,1462,49,102,62,68,36,24,1803,0,0,16021,51,25,90,88,0,0,0,0,0,0,0,0,0,0,0,0,0,0,1576540800
1082,0,4,9,325,1462,49,102,62,68,36,24,1803,0,0,16021,51,25,90,88,0,0,0,0,0,0,0,0,0,0,0,0,0,0,1576627200
1083,0,4,9,325,1462,49,102,62,68,36,24,1803,0,0,16021,51,25,90,88,0,0,0,0,0,0,0,0,0,0,0,0,0,0,1576713600
1084,0,4,9,325,1462,49,102,62,68,36,24,1803,0,0,16021,51,25,90,88,0,0,0,0,0,0,0,0,0,0,0,0,0,0,1576800000
1085,0,4,9,325,1463,49,102,62,68,36,24,1804,0,0,16021,51,25,90,88,0,0,0,0,0,0,0,0,0,0,0,0,0,0,1576886400
1086,0,4,9,325,1463,49,102,62,68,36,24,1804,0,0,16021,51,25,90,88,0,0,0,0,0,0,0,0,0,0,0,0,0,0,1576972800
1087,0,4,9,325,1463,49,102,62,68,36,24,1804,0,0,16021,51,25,90,88,0,0,0,0,0,0,0,0,0,0,0,0,0,0,1577059200
1088,0,4,9,325,1463,49,102,62,68,36,24,1804,0,0,16021,51,25,90,88,0,0,0,0,0,0,0,0,0,0,0,0,0,0,1577145600
1089,0,4,9,325,1463,49,102,62,68,36,24,1804,0,0,16021,51,25,90,88,0,0,0,0,0,0,0,0,0,0,0,0,0,0,1577232000
1090,0,4,9,325,1464,49,102,62,68,36,24,1805,0,0,16021,51,25,90,88,0,0,0,0,0,0,0,0,0,0,0,0,0,0,1577318400
1091,0,4,9,325,1465,49,102,62,68,36,24,1806,0,0,16021,51,25,90,88,0,0,0,0,0,0,0,0,0,0,0,0,0,0,1577404800
1092,0,4,9,325,1466,49,102,62,68,36,24,1807,0,0,16021,51,25,90,88,0,0,0,0,0,0,0,0,0,0,0,0,0,0,1577491200
1093,0,4,9,325,1466,49,102,62,68,36,24,1807,0,0,16021,51,25,90,88,0,0,0,0,0,0,0,0,0,0,0,0,0,0,1577577600
1094,0,4,9,325,1466,49,102,62,68,36,24,1807,0,0,16021,51,25,90,88,0,0,0,0,0,0,0,0,0,0,0,0,0,0,1577664000
1095,0,4,9,325,1466,49,102,62,68,36,24,1807,0,0,16021,51,25,90,88,0,0,0,0,0,0,0,0,0,0,0,0,0,0,1577750400
1096,0,4,9,325,1466,49,102,62,68,36,24,1807,0,0,16021,51,25,90,88,0,0,0,0,0,0,0,0,0,0,0,0,0,0,1577836800
1097,0,4,9,325,1466,49,102,62,68,36,24,1807,0,0,16021,51,25,90,88,0,0,0,0,0,0,0,0,0,0,0,0,0,0,1577923200
1098,0,4,9,325,1469,49,102,62,68,36,24,1810,0,0,16021,51,25,90,88,0,0,0,0,0,0,0,0,0,0,0,0,0,0,1578009600
1099,0,4,9,325,1469,49,102,62,68,36,24,1810,0,0,16021,51,25,90,88,0,0,0,0,0,0,0,0,0,0,0,0,0,0,1578096000
1100,0,4,9,325,1469,49,102,62,68,36,24,1810,0,0,16021,51,25,90,88,0,0,0,0,0,0,0,0,0,0,0,0,0,0,1578182400
1101,0,4,9,325,1469,49,102,62,68,36,24,1810,0,0,16021,51,25,90,88,0,0,0,0,0,0,0,0,0,0,0,0,0,0,1578268800
1102,0,4,9,325,1471,49,102,62,68,36,24,1812,0,0,16021,51,25,90,88,0,0,0,0,0,0,0,0,0,0,0,0,0,0,1578355200
1103,0,4,9,325,1471,49,102,62,68,36,24,1812,0,0,16021,51,25,90,88,0,0,0,0,0,0,0,0,0,0,0,0,0,0,1578441600
1104,0,4,9,325,1471,49,102,62,68,36,24,1812,0,0,16021,51,25,90,88,0,0,0,0,0,0,0,0,0,0,0,0,0,0,1578528000
1105,0,4,9,325,1473,49,102,62,68,36,24,1814,0,0,16021,51,25,90,88,0,0,0,0,0,0,0,0,0,0,0,0,0,0,1578614400
1106,0,4,9,325,1473,49,102,62,68,36,24,1814,0,0,16021,51,25,90,88,0,0,0,0,0,0,0,0,0,0,0,0,0,0,1578700800
1107,0,4,9,325,1473,49,102,62,68,36,24,1814,0,0,16021,51,25,90,88,0,0,0,0,0,0,0,0,0,0,0,0,0,0,1578787200
1108,0,4,9,325,1473,49,102,62,68,36,24,1814,0,0,16021,51,25,90,88,0,0,0,0,0,0,0,0,0,0,0,0,0,0,1578873600
1109,0,4,9,325,1473,49,102,62,68,36,24,1814,0,0,16021,51,25,90,88,0,0,0,0,0,0,0,0,0,0,0,0,0,0,1578960000
1110,0,4,9,325,1473,49,102,62,68,36,24,1814,0,0,16021,51,25,90,88,0,0,0,0,0,0,0,0,0,0,0,0,0,0,1579046400
1111,0,4,9,325,1473,49,102,62,68,36,24,1814,0,0,16021,51,25,90,88,0,0,0,0,0,0,0,0,0,0,0,0,0,0,1579132800
1112,0,4,9,325,1473,49,102,62,68,36,24,1814,0,0,16021,51,25,90,88,0,0,0,0,0,0,0,0,0,0,0,0,0,0,1579219200
1113,0,4,9,325,1473,49,102,62,68,36,24,1814,0,0,16021,51,25,90,88,0,0,0,0,0,0,0,0,0,0,0,0,0,0,1579305600
1114,0,4,9,325,1473,49,102,62,68,36,24,1814,0,0,16021,51,25,90,88,0,0,0,0,0,0,0,0,0,0,0,0,0,0,1579392000
1115,0,4,9,325,1475,49,102,62,68,36,24,1816,0,0,16021,51,25,90,88,0,0,0,0,0,0,0,0,0,0,0,0,0,0,1579478400
1116,0,4,9,325,1475,49,102,62,68,36,24,1816,0,0,16021,51,25,90,88,0,0,0,0,0,0,0,0,0,0,0,0,0,0,1579564800
1117,0,4,9,325,1475,49,102,62,68,36,24,1816,0,0,16021,51,25,90,88,0,0,0,0,0,0,0,0,0,0,0,0,0,0,1579651200
1118,0,4,9,325,1475,49,102,62,68,36,24,1816,0,0,16021,51,25,90,88,0,0,0,0,0,0,0,0,0,0,0,0,0,0,1579737600
1119,0,4,9,325,1475,49,102,62,68,36,24,1816,0,0,16021,51,25,90,88,0,0,0,0,0,0,0,0,0,0,0,0,0,0,1579824000
1120,0,4,9,325,1475,49,102,62,68,36,24,1816,0,0,16021,51,25,90,88,0,0,0,0,0,0,0,0,0,0,0,0,0,0,1579910400
1121,0,4,9,325,1475,49,102,62,68,36,24,1816,0,0,16021,51,25,90,88,0,0,0,0,0,0,0,0,0,0,0,0,0,0,1579996800
1122,0,4,9,325,1475,49,102,62,68,36,24,1816,0,0,16021,51,25,90,88,0,0,0,0,0,0,0,0,0,0,0,0,0,0,1580083200
1123,0,4,9,325,1475,49,102,62,68,36,24,1816,0,0,16021,51,25,90,88,0,0,0,0,0,0,0,0,0,0,0,0,0,0,1580169600
1124,0,4,9,325,1475,49,102,62,68,36,24,1816,0,0,16021,51,25,90,88,0,0,0,0,0,0,0,0,0,0,0,0,0,0,1580256000
1125,0,4,9,325,1475,49,102,62,68,36,24,1816,0,0,16021,51,25,90,88,0,0,0,0,0,0,0,0,0,0,0,0,0,0,1580342400
1126,0,4,9,325,1475,49,102,62,68,36,24,1816,0,0,16021,51,25,90,88,0,0,0,0,0,0,0,0,0,0,0,0,0,0,1580428800
1127,0,4,9,325,1475,49,102,62,68,36,24,1816,0,0,16021,51,25,90,88,0,0,0,0,0,0,0,0,0,0,0,0,0,0,1580515200
1128,0,4,9,325,1475,49,102,62,68,36,24,1816,0,0,16021,51,25,90,88,0,0,0,0,0,0,0,0,0,0,0,0,0,0,1580601600
1129,0,4,9,325,1475,49,102,62,68,36,24,1816,0,0,16021,51,25,90,88,0,0,0,0,0,0,0,0,0,0,0,0,0,0,1580688000
1130,0,4,9,325,1475,49,102,62,68,36,24,1816,0,0,16021,51,25,90,88,0,0,0,0,0,0,0,0,0,0,0,0,0,0,1580774400
1131,0,4,9,325,1475,49,102,62,68,36,24,1816,0,0,16021,51,25,90,88,0,0,0,0,0,0,0,0,0,0,0,0,0,0,1580860800
1132,0,4,9,325,1475,49,102,62,68,36,24,1816,0,0,16021,51,25,90,88,0,0,0,0,0,0,0,0,0,0,0,0,0,0,1580947200
1133,0,4,9,325,1475,49,102,62,68,36,24,1816,0,0,16021,51,25,90,88,0,0,0,0,0,0,0,0,0,0,0,0,0,0,1581033600
1134,0,4,9,325,1476,49,102,62,68,36,24,1817,0,0,16021,51,25,90,88,0,0,0,0,0,0,0,0,0,0,0,0,0,0,1581120000
1135,0,4,9,325,1476,49,102,62,68,36,24,1817,0,0,16021,51,25,90,88,0,0,0,0,0,0,0,0,0,0,0,0,0,0,1581206400
1136,0,4,9,325,1476,49,102,62,68,36,24,1817,0,0,16021,51,25,90,88,0,0,0,0,0,0,0,0,0,0,0,0,0,0,1581292800
1137,0,4,9,325,1476,49,102,62,68,36,24,1817,0,0,16021,51,25,90,88,0,0,0,0,0,0,0,0,0,0,0,0,0,0,1581379200
1138,0,4,9,325,1476,49,102,62,68,36,24,1817,0,0,16021,51,25,90,88,0,0,0,0,0,0,0,0,0,0,0,0,0,0,1581465600
1139,0,4,9,325,1476,49,102,62,68,36,24,1817,0,0,16021,51,25,90,88,0,0,0,0,0,0,0,0,0,0,0,0,0,0,1581552000
1140,0,4,9,325,1476,49,102,62,68,36,24,1817,0,0,16021,51,25,90,88,0,0,0,0,0,0,0,0,0,0,0,0,0,0,1581638400
1141,0,4,9,325,1476,49,102,62,68,36,24,1817,0,0,16021,51,25,90,88,0,0,0,0,0,0,0,0,0,0,0,0,0,0,1581724800
1142,0,4,9,325,1476,49,102,62,68,36,24,1817,0,0,16021,51,25,90,88,0,0,0,0,0,0,0,0,0,0,0,0,0,0,1581811200
1143,0,4,9,325,1476,49,102,62,68,36,24,1817,0,0,16021,51,25,90,88,0,0,0,0,0,0,0,0,0,0,0,0,0,0,1581897600
1144,0,4,9,325,1476,49,102,62,68,36,24,1817,0,0,16021,51,25,90,88,0,0,0,0,0,0,0,0,0,0,0,0,0,0,1581984000
1145,0,4,9,325,1476,49,102,62,68,36,24,1817,0,0,16021,51,25,90,88,0,0,0,0,0,0,0,0,0,0,0,0,0,0,1582070400
1146,0,4,9,325,1476,49,102,62,68,36,24,1817,0,0,16021,51,25,90,88,0,0,0,0,0,0,0,0,0,0,0,0,0,0,1582156800
1147,0,4,9,325,1476,49,102,62,68,36,24,1817,0,0,16021,51,25,90,88,0,0,0,0,0,0,0,0,0,0,0,0,0,0,1582243200
1148,0,4,9,325,1477,49,102,62,68,36,24,1818,0,0,16021,51,25,90,88,0,0,0,0,0,0,0,0,0,0,0,0,0,0,1582329600
1149,0,4,9,325,1477,49,102,62,68,36,24,1818,0,0,16021,51,25,90,88,0,0,0,0,0,0,0,0,0,0,0,0,0,0,1582416000
1150,0,4,9,325,1477,49,102,62,68,36,24,1818,0,0,16021,51,25,90,88,0,0,0,0,0,0,0,0,0,0,0,0,0,0,1582502400
1151,0,4,9,325,1478,49,102,62,68,36,24,1819,0,0,16021,51,25,90,88,0,0,0,0,0,0,0,0,0,0,0,0,0,0,1582588800
1152,0,4,9,325,1479,49,102,62,68,36,24,1820,0,0,16021,51,25,90,88,0,0,0,0,0,0,0,0,0,0,0,0,0,0,1582675200
1153,0,4,9,325,1479,49,102,62,68,36,24,1820,0,0,16021,51,25,90,88,0,0,0,0,0,0,0,0,0,0,0,0,0,0,1582761600
1154,0,4,9,325,1479,49,102,62,68,36,24,1820,0,0,16021,51,25,90,88,0,0,0,0,0,0,0,0,0,0,0,0,0,0,1582848000
1155,0,4,9,325,1479,49,102,62,68,36,24,1820,0,0,16021,51,25,90,88,0,0,0,0,0,0,0,0,0,0,0,0,0,0,1582934400
1156,0,4,9,325,1480,49,102,62,68,36,24,1821,0,0,16021,51,25,90,88,0,0,0,0,0,0,0,0,0,0,0,0,0,0,1583020800
1157,0,4,9,325,1482,49,104,62,68,36,24,1825,0,0,16021,51,25,90,88,0,0,0,0,0,0,0,0,0,0,0,0,0,0,1583107200
1158,0,4,9,325,1482,49,104,62,68,36,24,1825,0,0,16021,51,25,90,88,0,0,0,0,0,0,0,0,0,0,0,0,0,0,1583193600
1159,0,4,9,325,1482,49,104,62,68,36,24,1825,0,0,16021,51,25,90,88,0,0,0,0,0,0,0,0,0,0,0,0,0,0,1583280000
1160,0,4,9,325,1482,49,104,62,68,36,24,1825,0,0,16021,51,25,90,88,0,0,0,0,0,0,0,0,0,0,0,0,0,0,1583366400
1161,0,4,9,325,1483,49,104,62,68,36,24,1826,0,0,16021,51,25,90,88,0,0,0,0,0,0,0,0,0,0,0,0,0,0,1583452800
1162,0,4,9,325,1484,49,104,62,68,36,24,1827,0,0,16021,51,25,90,88,0,0,0,0,0,0,0,0,0,0,0,0,0,0,1583539200
1163,0,4,9,325,1484,49,104,62,68,36,24,1827,0,0,16021,51,25,90,88,0,0,0,0,0,0,0,0,0,0,0,0,0,0,1583625600
1164,0,4,9,325,1484,49,104,62,68,36,24,1827,0,0,16021,51,25,90,88,0,0,0,0,0,0,0,0,0,0,0,0,0,0,1583712000
1165,0,4,9,325,1485,49,104,62,68,36,24,1828,0,0,16021,51,25,90,88,0,0,0,0,0,0,0,0,0,0,0,0,0,0,1583798400
1166,0,4,9,325,1485,49,104,62,68,36,24,1828,0,0,16021,51,25,90,88,0,0,0,0,0,0,0,0,0,0,0,0,0,0,1583884800
1167,0,4,9,325,1485,49,104,62,68,36,24,1828,0,0,16021,51,25,90,88,0,0,0,0,0,0,0,0,0,0,0,0,0,0,1583971200
1168,0,4,9,325,1485,49,104,62,68,36,24,1828,0,0,16021,51,25,90,88,0,0,0,0,0,0,0,0,0,0,0,0,0,0,1584057600
1169,0,4,9,325,1485,49,104,62,68,36,24,1828,0,0,16021,51,25,90,88,0,0,0,0,0,0,0,0,0,0,0,0,0,0,1584144000
1170,0,4,9,325,1485,49,104,62,68,36,24,1828,0,0,16021,51,25,90,88,0,0,0,0,0,0,0,0,0,0,0,0,0,0,1584230400
1171,0,4,9,325,1485,49,104,62,68,36,24,1828,0,0,16021,51,25,90,88,0,0,0,0,0,0,0,0,0,0,0,0,0,0,1584316800
1172,0,4,9,325,1485,49,104,62,68,36,24,1828,0,0,16021,51,25,90,88,0,0,0,0,0,0,0,0,0,0,0,0,0,0,1584403200
1173,0,4,9,325,1485,49,104,62,68,36,24,1828,0,0,16021,51,25,90,88,0,0,0,0,0,0,0,0,0,0,0,0,0,0,1584489600
1174,0,4,9,325,1485,49,104,62,68,36,24,1828,0,0,16021,51,25,90,88,0,0,0,0,0,0,0,0,0,0,0,0,0,0,1584576000
1175,0,4,9,325,1485,49,104,62,68,36,24,1828,0,0,16021,51,25,90,88,0,0,0,0,0,0,0,0,0,0,0,0,0,0,1584662400
1176,0,4,9,325,1485,49,104,62,68,36,24,1828,0,0,16021,51,25,90,88,0,0,0,0,0,0,0,0,0,0,0,0,0,0,1584748800
1177,0,4,9,325,1485,49,104,62,68,36,24,1828,0,0,16021,51,25,90,88,0,0,0,0,0,0,0,0,0,0,0,0,0,0,1584835200
1178,0,4,9,325,1485,49,104,62,68,36,24,1828,0,0,16021,51,25,90,88,0,0,0,0,0,0,0,0,0,0,0,0,0,0,1584921600
1179,0,4,9,325,1485,49,104,62,68,36,24,1828,0,0,16021,51,25,90,88,0,0,0,0,0,0,0,0,0,0,0,0,0,0,1585008000
1180,0,4,9,325,1485,49,104,62,68,36,24,1828,0,0,16021,51,25,90,88,0,0,0,0,0,0,0,0,0,0,0,0,0,0,1585094400
1181,0,4,9,325,1485,49,104,62,68,36,24,1828,0,0,16021,51,25,90,88,0,0,0,0,0,0,0,0,0,0,0,0,0,0,1585180800
1182,0,4,9,325,1485,49,104,62,68,36,24,1828,0,0,16021,51,25,90,88,0,0,0,0,0,0,0,0,0,0,0,0,0,0,1585267200
1183,0,4,9,325,1487,49,104,62,68,36,24,1830,0,0,16021,51,25,90,88,0,0,0,0,0,0,0,0,0,0,0,0,0,0,1585353600
1184,0,4,9,325,1487,49,104,62,68,36,24,1830,0,0,16021,51,25,90,88,0,0,0,0,0,0,0,0,0,0,0,0,0,0,1585440000
1185,0,4,9,325,1487,49,104,62,68,36,24,1830,0,0,16021,51,25,90,88,0,0,0,0,0,0,0,0,0,0,0,0,0,0,1585526400
1186,0,4,9,325,1487,49,104,62,68,36,24,1830,0,0,16021,51,25,90,88,0,0,0,0,0,0,0,0,0,0,0,0,0,0,1585612800
1187,0,4,9,325,1487,49,104,62,68,36,24,1830,0,0,16021,51,25,90,88,0,0,0,0,0,0,0,0,0,0,0,0,0,0,1585699200
1188,0,4,9,325,1487,49,104,62,68,36,24,1830,0,0,16021,51,25,90,88,0,0,0,0,0,0,0,0,0,0,0,0,0,0,1585785600
1189,0,4,9,325,1487,49,104,62,68,36,24,1830,0,0,16021,51,25,90,88,0,0,0,0,0,0,0,0,0,0,0,0,0,0,1585872000
1190,0,4,9,325,1487,49,104,62,68,36,24,1830,0,0,16021,51,25,90,88,0,0,0,0,0,0,0,0,0,0,0,0,0,0,1585958400
1191,0,4,9,325,1487,49,104,62,68,36,24,1830,0,0,16021,51,25,90,88,0,0,0,0,0,0,0,0,0,0,0,0,0,0,1586044800
1192,0,4,9,325,1487,49,104,62,68,36,24,1830,0,0,16021,51,25,90,88,0,0,0,0,0,0,0,0,0,0,0,0,0,0,1586131200
1193,0,4,9,325,1487,49,104,62,68,36,24,1830,0,0,16021,51,25,90,88,0,0,0,0,0,0,0,0,0,0,0,0,0,0,1586217600
1194,0,4,9,325,1487,49,104,62,68,36,24,1830,0,0,16021,51,25,90,88,0,0,0,0,0,0,0,0,0,0,0,0,0,0,1586304000
1195,0,4,9,325,1488,49,104,62,68,36,24,1831,0,0,16021,51,25,90,88,0,0,0,0,0,0,0,0,0,0,0,0,0,0,1586390400
1196,0,4,9,325,1488,49,104,62,68,36,24,1831,0,0,16021,51,25,90,88,0,0,0,0,0,0,0,0,0,0,0,0,0,0,1586476800
1197,0,4,9,325,1488,49,104,62,68,36,24,1831,0,0,16021,51,25,90,88,0,0,0,0,0,0,0,0,0,0,0,0,0,0,1586563200
1198,0,4,9,325,1488,49,104,62,68,36,24,1831,0,0,16021,51,25,90,88,0,0,0,0,0,0,0,0,0,0,0,0,0,0,1586649600
1199,0,4,9,325,1488,49,104,62,68,36,24,1831,0,0,16021,51,25,90,88,0,0,0,0,0,0,0,0,0,0,0,0,0,0,1586736000
1200,0,4,9,325,1488,49,104,62,68,36,24,1831,0,0,16021,51,25,90,88,0,0,0,0,0,0,0,0,0,0,0,0,0,0,1586822400
1201,0,4,9,325,1488,49,104,62,68,36,24,1831,0,0,16021,51,25,90,88,0,0,0,0,0,0,0,0,0,0,0,0,0,0,1586908800
1202,0,4,9,325,1488,49,104,62,68,36,24,1831,0,0,16021,51,25,90,88,0,0,0,0,0,0,0,0,0,0,0,0,0,0,1586995200
1203,0,4,9,325,1488,49,104,62,68,36,24,1831,0,0,16021,51,25,90,88,0,0,0,0,0,0,0,0,0,0,0,0,0,0,1587081600
1204,0,4,9,325,1488,49,104,62,68,36,24,1831,0,0,16021,51,25,90,88,0,0,0,0,0,0,0,0,0,0,0,0,0,0,1587168000
1205,0,4,9,325,1488,49,104,62,68,36,24,1831,0,0,16021,51,25,90,88,0,0,0,0,0,0,0,0,0,0,0,0,0,0,1587254400
1206,0,4,9,325,1488,49,104,62,68,36,24,1831,0,0,16021,51,25,90,88,0,0,0,0,0,0,0,0,0,0,0,0,0,0,1587340800
1207,0,4,9,325,1488,49,104,62,68,36,24,1831,0,0,16021,51,25,90,88,0,0,0,0,0,0,0,0,0,0,0,0,0,0,1587427200
1208,0,4,9,325,1489,49,104,62,68,36,24,1832,0,0,16021,51,25,90,88,0,0,0,0,0,0,0,0,0,0,0,0,0,0,1587513600
1209,0,4,9,325,1489,49,104,62,68,36,24,1832,0,0,16021,51,25,90,88,0,0,0,0,0,0,0,0,0,0,0,0,0,0,1587600000
1210,0,4,9,325,1489,49,104,62,68,36,24,1832,0,0,16021,51,25,90,88,0,0,0,0,0,0,0,0,0,0,0,0,0,0,1587686400
1211,0,4,9,325,1489,49,104,62,68,36,24,1832,0,0,16021,51,25,90,88,0,0,0,0,0,0,0,0,0,0,0,0,0,0,1587772800
1212,0,4,9,325,1489,49,104,62,68,36,24,1832,0,0,16021,51,25,90,88,0,0,0,0,0,0,0,0,0,0,0,0,0,0,1587859200
1213,0,4,9,325,1489,49,104,62,68,36,24,1832,0,0,16021,51,25,90,88,0,0,0,0,0,0,0,0,0,0,0,0,0,0,1587945600
1214,0,4,9,325,1489,49,104,62,68,36,24,1832,0,0,16021,51,25,90,88,0,0,0,0,0,0,0,0,0,0,0,0,0,0,1588032000
1215,0,4,9,325,1489,49,104,62,68,36,24,1832,0,0,16021,51,25,90,88,0,0,0,0,0,0,0,0,0,0,0,0,0,0,1588118400
1216,0,4,9,325,1489,49,104,62,68,36,24,1832,0,0,16021,51,25,90,88,0,0,0,0,0,0,0,0,0,0,0,0,0,0,1588204800
1217,0,4,9,325,1489,49,104,62,68,36,24,1832,0,0,16021,51,25,90,88,0,0,0,0,0,0,0,0,0,0,0,0,0,0,1588291200
1218,0,4,9,325,1489,49,104,62,68,36,24,1832,0,0,16021,51,25,90,88,0,0,0,0,0,0,0,0,0,0,0,0,0,0,1588377600
1219,0,4,9,325,1489,49,104,62,68,36,24,1832,0,0,16021,51,25,90,88,0,0,0,0,0,0,0,0,0,0,0,0,0,0,1588464000
1220,0,4,9,325,1489,49,104,62,68,36,24,1832,0,0,16021,51,25,90,88,0,0,0,0,0,0,0,0,0,0,0,0,0,0,1588550400
1221,0,4,9,325,1489,49,104,62,68,36,24,1832,0,0,16021,51,25,90,88,0,0,0,0,0,0,0,0,0,0,0,0,0,0,1588636800
1222,0,4,9,325,1489,49,104,62,68,36,24,1832,0,0,16021,51,25,90,88,0,0,0,0,0,0,0,0,0,0,0,0,0,0,1588723200
1223,0,4,9,325,1489,49,104,62,68,36,24,1832,0,0,16021,51,25,90,88,0,0,0,0,0,0,0,0,0,0,0,0,0,0,1588809600
1224,0,4,9,325,1489,49,104,62,68,36,24,1832,0,0,16021,51,25,90,88,0,0,0,0,0,0,0,0,0,0,0,0,0,0,1588896000
1225,0,4,9,325,1489,49,104,62,68,36,24,1832,0,0,16021,51,25,90,88,0,0,0,0,0,0,0,0,0,0,0,0,0,0,1588982400
1226,0,4,9,325,1489,49,104,62,68,36,24,1832,0,0,16021,51,25,90,88,0,0,0,0,0,0,0,0,0,0,0,0,0,0,1589068800
1227,0,4,9,325,1489,49,104,62,68,36,24,1832,0,0,16021,51,25,90,88,0,0,0,0,0,0,0,0,0,0,0,0,0,0,1589155200
1228,0,4,9,325,1489,49,104,62,68,36,24,1832,0,0,16021,51,25,90,88,0,0,0,0,0,0,0,0,0,0,0,0,0,0,1589241600
1229,0,4,9,325,1489,49,104,62,68,36,24,1832,0,0,16021,51,25,90,88,0,0,0,0,0,0,0,0,0,0,0,0,0,0,1589328000
1230,0,4,9,325,1490,49,104,62,68,36,24,1833,0,0,16021,51,25,90,88,0,0,0,0,0,0,0,0,0,0,0,0,0,0,1589414400
1231,0,4,9,325,1490,49,104,62,68,36,24,1833,0,0,16021,51,25,90,88,0,0,0,0,0,0,0,0,0,0,0,0,0,0,1589500800
1232,0,4,9,325,1490,49,104,62,68,36,24,1833,0,0,16021,51,25,90,88,0,0,0,0,0,0,0,0,0,0,0,0,0,0,1589587200
1233,0,4,9,325,1492,49,104,62,68,36,24,1835,0,0,16021,51,25,90,88,0,0,0,0,0,0,0,0,0,0,0,0,0,0,1589673600
1234,0,4,9,325,1492,49,104,62,68,36,24,1835,0,0,16021,51,25,90,88,0,0,0,0,0,0,0,0,0,0,0,0,0,0,1589760000
1235,0,4,9,325,1492,49,104,62,68,36,24,1835,0,0,16021,51,25,90,88,0,0,0,0,0,0,0,0,0,0,0,0,0,0,1589846400
1236,0,4,9,325,1492,49,104,62,68,36,24,1835,0,0,16021,51,25,90,88,0,0,0,0,0,0,0,0,0,0,0,0,0,0,1589932800
1237,0,4,9,325,1492,49,104,62,68,36,24,1835,0,0,16021,51,25,90,88,0,0,0,0,0,0,0,0,0,0,0,0,0,0,1590019200
1238,0,4,9,325,1492,49,104,62,68,36,24,1835,0,0,16021,51,25,90,88,0,0,0,0,0,0,0,0,0,0,0,0,0,0,1590105600
1239,0,4,9,325,1492,49,104,62,68,36,24,1835,0,0,16021,51,25,90,88,0,0,0,0,0,0,0,0,0,0,0,0,0,0,1590192000
1240,0,4,9,325,1492,49,104,62,68,36,24,1835,0,0,16021,51,25,90,88,0,0,0,0,0,0,0,0,0,0,0,0,0,0,1590278400
1241,0,4,9,325,1492,49,104,62,68,36,24,1835,0,0,16021,51,25,90,88,0,0,0,0,0,0,0,0,0,0,0,0,0,0,1590364800
1242,0,4,9,325,1492,49,104,62,68,36,24,1835,0,0,16021,51,25,90,88,0,0,0,0,0,0,0,0,0,0,0,0,0,0,1590451200
1243,0,4,9,325,1492,49,104,62,68,36,24,1835,0,0,16021,51,25,90,88,0,0,0,0,0,0,0,0,0,0,0,0,0,0,1590537600
1244,0,4,9,325,1492,49,104,62,68,36,24,1835,0,0,16021,51,25,90,88,0,0,0,0,0,0,0,0,0,0,0,0,0,0,1590624000
1245,0,4,9,325,1492,49,104,62,68,36,24,1835,0,0,16021,51,25,90,88,0,0,0,0,0,0,0,0,0,0,0,0,0,0,1590710400
1246,0,4,9,325,1492,49,104,62,68,36,24,1835,0,0,16021,51,25,90,88,0,0,0,0,0,0,0,0,0,0,0,0,0,0,1590796800
1247,0,4,9,325,1492,49,104,62,68,36,24,1835,0,0,16021,51,25,90,88,0,0,0,0,0,0,0,0,0,0,0,0,0,0,1590883200
1248,0,4,9,325,1492,49,104,62,68,36,24,1835,0,0,16021,51,25,90,88,0,0,0,0,0,0,0,0,0,0,0,0,0,0,1590969600
1249,0,4,9,325,1492,49,104,62,68,36,24,1835,0,0,16021,51,25,90,88,0,0,0,0,0,0,0,0,0,0,0,0,0,0,1591056000
1250,0,4,9,325,1492,49,104,62,68,36,24,1835,0,0,16021,51,25,90,88,0,0,0,0,0,0,0,0,0,0,0,0,0,0,1591142400
1251,0,4,9,325,1492,49,104,62,68,36,24,1835,0,0,16021,51,25,90,88,0,0,0,0,0,0,0,0,0,0,0,0,0,0,1591228800
1252,0,4,9,325,1492,49,104,62,68,36,24,1835,0,0,16021,51,25,90,88,0,0,0,0,0,0,0,0,0,0,0,0,0,0,1591315200
1253,0,4,9,325,1492,49,104,62,68,36,24,1835,0,0,16021,51,25,90,88,0,0,0,0,0,0,0,0,0,0,0,0,0,0,1591401600
1254,0,4,9,325,1492,49,104,62,68,36,24,1835,0,0,16021,51,25,90,88,0,0,0,0,0,0,0,0,0,0,0,0,0,0,1591488000
1255,0,4,9,325,1492,49,104,62,68,36,24,1835,0,0,16021,51,25,90,88,0,0,0,0,0,0,0,0,0,0,0,0,0,0,1591574400
1256,0,4,9,325,1493,49,104,62,68,36,24,1836,0,0,16021,51,25,90,88,0,0,0,0,0,0,0,0,0,0,0,0,0,0,1591660800
1257,0,4,9,325,1493,49,104,62,68,36,24,1836,0,0,16021,51,25,90,88,0,0,0,0,0,0,0,0,0,0,0,0,0,0,1591747200
1258,0,4,9,325,1493,49,104,62,68,36,24,1836,0,0,16021,51,25,90,88,0,0,0,0,0,0,0,0,0,0,0,0,0,0,1591833600
1259,0,4,9,325,1493,49,104,62,68,36,24,1836,0,0,16021,51,25,90,88,0,0,0,0,0,0,0,0,0,0,0,0,0,0,1591920000
1260,0,4,9,325,1494,49,104,62,68,36,24,1837,0,0,16021,51,25,90,88,0,0,0,0,0,0,0,0,0,0,0,0,0,0,1592006400
1261,0,4,9,325,1494,49,104,62,68,36,24,1837,0,0,16021,51,25,90,88,0,0,0,0,0,0,0,0,0,0,0,0,0,0,1592092800
1262,0,4,9,325,1494,49,104,62,68,36,24,1837,0,0,16021,51,25,90,88,0,0,0,0,0,0,0,0,0,0,0,0,0,0,1592179200
1263,0,4,9,325,1494,49,104,62,68,36,24,1837,0,0,16021,51,25,90,88,0,0,0,0,0,0,0,0,0,0,0,0,0,0,1592265600
1264,0,4,9,325,1494,49,104,62,68,36,24,1837,0,0,16021,51,25,90,88,0,0,0,0,0,0,0,0,0,0,0,0,0,0,1592352000
1265,0,4,9,325,1494,49,104,62,68,36,24,1837,0,0,16021,51,25,90,88,0,0,0,0,0,0,0,0,0,0,0,0,0,0,1592438400
1266,0,4,9,325,1495,49,104,62,68,36,24,1838,0,0,16021,51,25,90,88,0,0,0,0,0,0,0,0,0,0,0,0,0,0,1592524800
1267,0,4,9,325,1495,49,104,62,68,36,24,1838,0,0,16021,51,25,90,88,0,0,0,0,0,0,0,0,0,0,0,0,0,0,1592611200
1268,0,4,9,325,1495,49,104,62,68,36,24,1838,0,0,16021,51,25,90,88,0,0,0,0,0,0,0,0,0,0,0,0,0,0,1592697600
1269,0,4,9,325,1495,49,104,62,68,36,24,1838,0,0,16021,51,25,90,88,0,0,0,0,0,0,0,0,0,0,0,0,0,0,1592784000
1270,0,4,9,325,1495,49,104,62,68,36,24,1838,0,0,16021,51,25,90,88,0,0,0,0,0,0,0,0,0,0,0,0,0,0,1592870400
1271,0,4,9,325,1495,49,104,62,68,36,24,1838,0,0,16021,51,25,90,88,0,0,0,0,0,0,0,0,0,0,0,0,0,0,1592956800
1272,0,4,9,325,1495,49,104,62,68,36,24,1838,0,0,16021,51,25,90,88,0,0,0,0,0,0,0,0,0,0,0,0,0,0,1593043200
1273,0,4,9,325,1495,49,104,62,68,36,24,1838,0,0,16021,51,25,90,88,0,0,0,0,0,0,0,0,0,0,0,0,0,0,1593129600
1274,0,4,9,325,1495,49,104,62,68,36,24,1838,0,0,16021,51,25,90,88,0,0,0,0,0,0,0,0,0,0,0,0,0,0,1593216000
1275,0,4,9,325,1495,49,104,62,68,36,24,1838,0,0,16021,51,25,90,88,0,0,0,0,0,0,0,0,0,0,0,0,0,0,1593302400
1276,0,4,9,325,1495,49,104,62,68,36,24,1838,0,0,16021,51,25,90,88,0,0,0,0,0,0,0,0,0,0,0,0,0,0,1593388800
1277,0,4,9,325,1495,49,104,62,68,36,24,1838,0,0,16021,51,25,90,88,0,0,0,0,0,0,0,0,0,0,0,0,0,0,1593475200
1278,0,4,9,325,1495,49,104,62,68,36,24,1838,0,0,16021,51,25,90,88,0,0,0,0,0,0,0,0,0,0,0,0,0,0,1593561600
1279,0,4,9,325,1495,49,104,62,68,36,24,1838,0,0,16021,51,25,90,88,0,0,0,0,0,0,0,0,0,0,0,0,0,0,1593648000
1280,0,4,9,325,1495,49,104,62,68,36,24,1838,0,0,16021,51,25,90,88,0,0,0,0,0,0,0,0,0,0,0,0,0,0,1593734400
1281,0,4,9,325,1495,49,104,62,68,36,24,1838,0,0,16021,51,25,90,88,0,0,0,0,0,0,0,0,0,0,0,0,0,0,1593820800
1282,0,4,9,325,1495,49,104,62,68,36,24,1838,0,0,16021,51,25,90,88,0,0,0,0,0,0,0,0,0,0,0,0,0,0,1593907200
1283,0,4,9,325,1495,49,104,62,68,36,24,1838,0,0,16021,51,25,90,88,0,0,0,0,0,0,0,0,0,0,0,0,0,0,1593993600
1284,0,4,9,325,1495,49,104,62,68,36,24,1838,0,0,16021,51,25,90,88,0,0,0,0,0,0,0,0,0,0,0,0,0,0,1594080000
1285,0,4,9,325,1495,49,104,62,68,36,24,1838,0,0,16021,51,25,90,88,0,0,0,0,0,0,0,0,0,0,0,0,0,0,1594166400
1286,0,4,9,325,1495,49,104,62,68,36,24,1838,0,0,16021,51,25,90,88,0,0,0,0,0,0,0,0,0,0,0,0,0,0,1594252800
1287,0,4,9,325,1496,49,104,62,68,36,24,1839,0,0,16021,51,25,90,88,0,0,0,0,0,0,0,0,0,0,0,0,0,0,1594339200
1288,0,4,9,325,1496,49,104,62,68,36,24,1839,0,0,16021,51,25,90,88,0,0,0,0,0,0,0,0,0,0,0,0,0,0,1594425600
1289,0,4,9,325,1496,49,104,62,68,36,24,1839,0,0,16021,51,25,90,88,0,0,0,0,0,0,0,0,0,0,0,0,0,0,1594512000
1290,0,4,9,325,1496,49,104,62,68,36,24,1839,0,0,16021,51,25,90,88,0,0,0,0,0,0,0,0,0,0,0,0,0,0,1594598400
1291,0,4,9,325,1496,49,104,62,68,36,24,1839,0,0,16021,51,25,90,88,0,0,0,0,0,0,0,0,0,0,0,0,0,0,1594684800
1292,0,4,9,325,1498,49,104,62,68,36,24,1841,0,0,16021,51,25,90,88,0,0,0,0,0,0,0,0,0,0,0,0,0,0,1594771200
1293,0,4,9,325,1498,49,104,62,68,36,24,1841,0,0,16021,51,25,90,88,0,0,0,0,0,0,0,0,0,0,0,0,0,0,1594857600
1294,0,4,9,325,1498,49,104,62,68,36,24,1841,0,0,16021,51,25,90,88,0,0,0,0,0,0,0,0,0,0,0,0,0,0,1594944000
1295,0,4,9,325,1499,49,104,62,68,36,24,1842,0,0,16021,51,25,90,88,0,0,0,0,0,0,0,0,0,0,0,0,0,0,1595030400
1296,0,4,9,325,1499,49,104,62,68,36,24,1842,0,0,16021,51,25,90,88,0,0,0,0,0,0,0,0,0,0,0,0,0,0,1595116800
1297,0,4,9,325,1499,49,104,62,68,36,24,1842,0,0,16021,51,25,90,88,0,0,0,0,0,0,0,0,0,0,0,0,0,0,1595203200
1298,0,4,9,325,1499,49,104,62,68,36,24,1842,0,0,16021,51,25,90,88,0,0,0,0,0,0,0,0,0,0,0,0,0,0,1595289600
1299,0,4,9,325,1501,49,105,62,68,36,24,1845,0,0,16021,51,25,90,88,0,0,0,0,0,0,0,0,0,0,0,0,0,0,1595376000
1300,0,4,9,325,1501,49,105,62,68,36,24,1845,0,0,16021,51,25,90,88,0,0,0,0,0,0,0,0,0,0,0,0,0,0,1595462400
1301,0,4,9,325,1501,49,105,62,68,36,24,1845,0,0,16021,51,25,90,88,0,0,0,0,0,0,0,0,0,0,0,0,0,0,1595548800
1302,0,4,9,325,1501,49,105,62,68,36,24,1845,0,0,16021,51,25,90,88,0,0,0,0,0,0,0,0,0,0,0,0,0,0,1595635200
1303,0,4,9,325,1501,49,105,62,68,36,24,1845,0,0,16021,51,25,90,88,0,0,0,0,0,0,0,0,0,0,0,0,0,0,1595721600
1304,0,4,9,325,1501,49,105,62,68,36,24,1845,0,0,16021,51,25,90,88,0,0,0,0,0,0,0,0,0,0,0,0,0,0,1595808000
1305,0,4,9,325,1501,49,105,62,68,36,24,1845,0,0,16021,51,25,90,88,0,0,0,0,0,0,0,0,0,0,0,0,0,0,1595894400
1306,0,4,9,325,1501,49,105,62,68,36,24,1845,0,0,16021,51,25,90,88,0,0,0,0,0,0,0,0,0,0,0,0,0,0,1595980800
1307,0,4,9,325,1502,49,105,62,68,36,24,1846,0,0,16021,51,25,90,88,0,0,0,0,0,0,0,0,0,0,0,0,0,0,1596067200
1308,0,4,9,325,1502,49,105,62,68,36,24,1846,0,0,16021,51,25,90,88,0,0,0,0,0,0,0,0,0,0,0,0,0,0,1596153600
1309,0,4,9,325,1502,49,105,62,68,36,24,1846,0,0,16021,51,25,90,88,0,0,0,0,0,0,0,0,0,0,0,0,0,0,1596240000
1310,0,4,9,325,1502,49,105,62,68,36,24,1846,0,0,16021,51,25,90,88,0,0,0,0,0,0,0,0,0,0,0,0,0,0,1596326400
1311,0,4,9,325,1502,49,105,62,68,36,24,1846,0,0,16021,51,25,90,88,0,0,0,0,0,0,0,0,0,0,0,0,0,0,1596412800
1312,0,4,9,325,1502,49,105,62,68,36,24,1846,0,0,16021,51,25,90,88,0,0,0,0,0,0,0,0,0,0,0,0,0,0,1596499200
1313,0,4,9,325,1502,49,105,62,68,36,24,1846,0,0,16021,51,25,90,88,0,0,0,0,0,0,0,0,0,0,0,0,0,0,1596585600
1314,0,4,9,325,1502,49,105,62,68,36,24,1846,0,0,16021,51,25,90,88,0,0,0,0,0,0,0,0,0,0,0,0,0,0,1596672000
1315,0,4,9,325,1502,49,105,62,68,36,24,1846,0,0,16021,51,25,90,88,0,0,0,0,0,0,0,0,0,0,0,0,0,0,1596758400
1316,0,4,9,325,1502,49,105,62,68,36,24,1846,0,0,16021,51,25,90,88,0,0,0,0,0,0,0,0,0,0,0,0,0,0,1596844800
1317,0,4,9,325,1502,49,105,62,68,36,24,1846,0,0,16021,51,25,90,88,0,0,0,0,0,0,0,0,0,0,0,0,0,0,1596931200
1318,0,4,9,325,1502,49,105,62,68,36,24,1846,0,0,16021,51,25,90,88,0,0,0,0,0,0,0,0,0,0,0,0,0,0,1597017600
1319,0,4,9,325,1502,49,105,62,68,36,24,1846,0,0,16021,51,25,90,88,0,0,0,0,0,0,0,0,0,0,0,0,0,0,1597104000
1320,0,4,9,325,1504,49,105,62,68,36,24,1848,0,0,16021,51,25,90,88,0,0,0,0,0,0,0,0,0,0,0,0,0,0,1597190400
1321,0,4,9,325,1505,49,105,62,68,36,24,1849,0,0,16021,51,25,90,88,0,0,0,0,0,0,0,0,0,0,0,0,0,0,1597276800
1322,0,4,9,325,1505,49,105,62,68,36,24,1849,0,0,16021,51,25,90,88,0,0,0,0,0,0,0,0,0,0,0,0,0,0,1597363200
1323,0,4,9,325,1506,49,105,62,68,36,24,1850,0,0,16021,51,25,90,88,0,0,0,0,0,0,0,0,0,0,0,0,0,0,1597449600
1324,0,4,9,325,1506,49,105,62,68,36,24,1850,0,0,16021,51,25,90,88,0,0,0,0,0,0,0,0,0,0,0,0,0,0,1597536000
1325,0,4,9,325,1506,49,105,62,68,36,24,1850,0,0,16021,51,25,90,88,0,0,0,0,0,0,0,0,0,0,0,0,0,0,1597622400
1326,0,4,9,325,1507,49,105,62,68,36,24,1851,0,0,16021,51,25,90,88,0,0,0,0,0,0,0,0,0,0,0,0,0,0,1597708800
1327,0,4,9,325,1508,49,105,62,68,36,24,1852,0,0,16021,51,25,90,88,0,0,0,0,0,0,0,0,0,0,0,0,0,0,1597795200
1328,0,4,9,325,1508,49,105,62,68,36,24,1852,0,0,16021,51,25,90,88,0,0,0,0,0,0,0,0,0,0,0,0,0,0,1597881600
1329,0,4,9,325,1508,49,105,62,68,36,24,1852,0,0,16021,51,25,90,88,0,0,0,0,0,0,0,0,0,0,0,0,0,0,1597968000
1330,0,4,9,325,1509,49,105,62,68,36,24,1853,0,0,16021,51,25,90,88,0,0,0,0,0,0,0,0,0,0,0,0,0,0,1598054400
1331,0,4,9,325,1510,49,105,62,68,36,24,1854,0,0,16021,51,25,90,88,0,0,0,0,0,0,0,0,0,0,0,0,0,0,1598140800
1332,0,4,9,325,1510,49,105,62,68,36,24,1854,0,0,16021,51,25,90,88,0,0,0,0,0,0,0,0,0,0,0,0,0,0,1598227200
1333,0,4,9,325,1510,49,105,62,68,36,24,1854,0,0,16021,51,25,90,88,0,0,0,0,0,0,0,0,0,0,0,0,0,0,1598313600
1334,0,4,9,325,1513,49,109,62,68,36,24,1861,0,0,16021,51,25,90,88,0,0,0,0,0,0,0,0,0,0,0,0,0,0,1598400000
1335,0,4,9,325,1515,49,109,62,68,36,24,1863,0,0,16021,51,25,90,88,0,0,0,0,0,0,0,0,0,0,0,0,0,0,1598486400
1336,0,4,9,325,1515,49,109,62,68,36,24,1863,0,0,16021,51,25,90,88,0,0,0,0,0,0,0,0,0,0,0,0,0,0,1598572800
1337,0,4,9,325,1517,49,109,62,68,36,24,1865,0,0,16021,51,25,90,88,0,0,0,0,0,0,0,0,0,0,0,0,0,0,1598659200
1338,0,4,9,325,1517,49,109,62,68,36,24,1865,0,0,16021,51,25,90,88,0,0,0,0,0,0,0,0,0,0,0,0,0,0,1598745600
1339,0,4,9,325,1517,49,109,62,68,36,24,1865,0,0,16021,51,25,90,88,0,0,0,0,0,0,0,0,0,0,0,0,0,0,1598832000
1340,0,4,9,325,1519,49,109,62,68,36,24,1867,0,0,16021,51,25,90,88,0,0,0,0,0,0,0,0,0,0,0,0,0,0,1598918400
1341,0,4,9,325,1519,49,109,62,68,36,24,1867,0,0,16021,51,25,90,88,0,0,0,0,0,0,0,0,0,0,0,0,0,0,1599004800
1342,0,4,9,325,1519,49,109,62,68,36,24,1867,0,0,16021,51,25,90,88,0,0,0,0,0,0,0,0,0,0,0,0,0,0,1599091200
1343,0,4,9,325,1519,49,109,62,68,36,24,1867,0,0,16021,51,25,90,88,0,0,0,0,0,0,0,0,0,0,0,0,0,0,1599177600
1344,0,4,9,325,1519,49,109,62,68,36,24,1867,0,0,16021,51,25,90,88,0,0,0,0,0,0,0,0,0,0,0,0,0,0,1599264000
1345,0,4,9,325,1519,49,109,62,68,36,24,1867,0,0,16021,51,25,90,88,0,0,0,0,0,0,0,0,0,0,0,0,0,0,1599350400
1346,0,4,9,325,1519,49,109,62,68,36,24,1867,0,0,16021,51,25,90,88,0,0,0,0,0,0,0,0,0,0,0,0,0,0,1599436800
1347,0,4,9,325,1519,49,109,62,68,36,24,1867,0,0,16021,51,25,90,88,0,0,0,0,0,0,0,0,0,0,0,0,0,0,1599523200
1348,0,4,9,325,1519,49,109,62,68,36,24,1867,0,0,16021,51,25,90,88,0,0,0,0,0,0,0,0,0,0,0,0,0,0,1599609600
1349,0,4,9,325,1519,49,109,62,68,36,24,1867,0,0,16021,51,25,90,88,0,0,0,0,0,0,0,0,0,0,0,0,0,0,1599696000
1350,0,4,9,325,1519,49,109,62,68,36,24,1867,0,0,16021,51,25,90,88,0,0,0,0,0,0,0,0,0,0,0,0,0,0,1599782400
1351,0,4,9,325,1519,49,109,62,68,36,24,1867,0,0,16021,51,25,90,88,0,0,0,0,0,0,0,0,0,0,0,0,0,0,1599868800
1352,0,4,9,325,1519,49,109,62,68,36,24,1867,0,0,16021,51,25,90,88,0,0,0,0,0,0,0,0,0,0,0,0,0,0,1599955200
1353,0,4,9,325,1519,49,109,62,68,36,24,1867,0,0,16021,51,25,90,88,0,0,0,0,0,0,0,0,0,0,0,0,0,0,1600041600
1354,0,4,9,325,1519,49,109,62,68,36,24,1867,0,0,16021,51,25,90,88,0,0,0,0,0,0,0,0,0,0,0,0,0,0,1600128000
1355,0,4,9,325,1519,49,109,62,68,36,24,1867,0,0,16021,51,25,90,88,0,0,0,0,0,0,0,0,0,0,0,0,0,0,1600214400
1356,0,4,9,325,1519,49,109,62,68,36,24,1867,0,0,16021,51,25,90,88,0,0,0,0,0,0,0,0,0,0,0,0,0,0,1600300800
1357,0,4,9,325,1519,49,109,62,68,36,24,1867,0,0,16021,51,25,90,88,0,0,0,0,0,0,0,0,0,0,0,0,0,0,1600387200
1358,0,4,9,325,1519,49,109,62,68,36,24,1867,0,0,16021,51,25,90,88,0,0,0,0,0,0,0,0,0,0,0,0,0,0,1600473600
1359,0,4,9,325,1519,49,109,62,68,36,24,1867,0,0,16021,51,25,90,88,0,0,0,0,0,0,0,0,0,0,0,0,0,0,1600560000
1360,0,4,9,325,1519,49,109,62,68,36,24,1867,0,0,16021,51,25,90,88,0,0,0,0,0,0,0,0,0,0,0,0,0,0,1600646400
1361,0,4,9,325,1519,49,109,62,68,36,24,1867,0,0,16021,51,25,90,88,0,0,0,0,0,0,0,0,0,0,0,0,0,0,1600732800
1362,0,4,9,325,1519,49,109,62,68,36,24,1867,0,0,16021,51,25,90,88,0,0,0,0,0,0,0,0,0,0,0,0,0,0,1600819200
1363,0,4,9,325,1519,49,109,62,68,36,24,1867,0,0,16021,51,25,90,88,0,0,0,0,0,0,0,0,0,0,0,0,0,0,1600905600
1364,0,4,9,325,1519,49,109,62,68,36,24,1867,0,0,16021,51,25,90,88,0,0,0,0,0,0,0,0,0,0,0,0,0,0,1600992000
1365,0,4,9,325,1519,49,109,62,68,36,24,1867,0,0,16021,51,25,90,88,0,0,0,0,0,0,0,0,0,0,0,0,0,0,1601078400
1366,0,4,9,325,1519,49,109,62,68,36,24,1867,0,0,16021,51,25,90,88,0,0,0,0,0,0,0,0,0,0,0,0,0,0,1601164800
1367,0,4,9,325,1519,49,109,62,68,36,24,1867,0,0,16021,51,25,90,88,0,0,0,0,0,0,0,0,0,0,0,0,0,0,1601251200
1368,0,4,9,325,1519,49,109,62,68,36,24,1867,0,0,16021,51,25,90,88,0,0,0,0,0,0,0,0,0,0,0,0,0,0,1601337600
1369,0,4,9,325,1519,49,109,62,68,36,24,1867,0,0,16021,51,25,90,88,0,0,0,0,0,0,0,0,0,0,0,0,0,0,1601424000
1370,0,4,9,325,1519,49,109,62,68,36,24,1867,0,0,16021,51,25,90,88,0,0,0,0,0,0,0,0,0,0,0,0,0,0,1601510400
1371,0,4,9,325,1519,49,109,62,68,36,24,1867,0,0,16021,51,25,90,88,0,0,0,0,0,0,0,0,0,0,0,0,0,0,1601596800
1372,0,4,9,325,1519,49,109,62,68,36,24,1867,0,0,16021,51,25,90,88,0,0,0,0,0,0,0,0,0,0,0,0,0,0,1601683200
1373,0,4,9,325,1519,49,109,62,68,36,24,1867,0,0,16021,51,25,90,88,0,0,0,0,0,0,0,0,0,0,0,0,0,0,1601769600
1374,0,4,9,325,1519,49,109,62,68,36,24,1867,0,0,16021,51,25,90,88,0,0,0,0,0,0,0,0,0,0,0,0,0,0,1601856000
1375,0,4,9,325,1519,49,109,62,68,36,24,1867,0,0,16021,51,25,90,88,0,0,0,0,0,0,0,0,0,0,0,0,0,0,1601942400
1376,0,4,9,325,1519,49,109,62,68,36,24,1867,0,0,16021,51,25,90,88,0,0,0,0,0,0,0,0,0,0,0,0,0,0,1602028800
1377,0,4,9,325,1519,49,109,62,68,36,24,1867,0,0,16021,51,25,90,88,0,0,0,0,0,0,0,0,0,0,0,0,0,0,1602115200
1378,0,4,9,325,1519,49,109,62,68,36,24,1867,0,0,16021,51,25,90,88,0,0,0,0,0,0,0,0,0,0,0,0,0,0,1602201600
1379,0,4,9,325,1519,49,109,62,68,36,24,1867,0,0,16021,51,25,90,88,0,0,0,0,0,0,0,0,0,0,0,0,0,0,1602288000
1380,0,4,9,325,1519,49,109,62,68,36,24,1867,0,0,16021,51,25,90,88,0,0,0,0,0,0,0,0,0,0,0,0,0,0,1602374400
1381,0,4,9,325,1519,49,109,62,68,36,24,1867,0,0,16021,51,25,90,88,0,0,0,0,0,0,0,0,0,0,0,0,0,0,1602460800
1382,0,4,9,325,1519,49,109,62,68,36,24,1867,0,0,16021,51,25,90,88,0,0,0,0,0,0,0,0,0,0,0,0,0,0,1602547200
1383,0,4,9,325,1519,49,109,62,68,36,24,1867,0,0,16021,51,25,90,88,0,0,0,0,0,0,0,0,0,0,0,0,0,0,1602633600
1384,0,4,9,325,1519,49,109,62,68,36,24,1867,0,0,16021,51,25,90,88,0,0,0,0,0,0,0,0,0,0,0,0,0,0,1602720000
1385,0,4,9,325,1519,49,109,62,68,36,24,1867,0,0,16021,51,25,90,88,0,0,0,0,0,0,0,0,0,0,0,0,0,0,1602806400
1386,0,4,9,325,1519,49,109,62,68,36,24,1867,0,0,16021,51,25,90,88,0,0,0,0,0,0,0,0,0,0,0,0,0,0,1602892800
1387,0,4,9,325,1520,49,109,62,68,36,24,1868,0,0,16021,51,25,90,88,0,0,0,0,0,0,0,0,0,0,0,0,0,0,1602979200
1388,0,4,9,325,1520,49,109,62,68,36,24,1868,0,0,16021,51,25,90,88,0,0,0,0,0,0,0,0,0,0,0,0,0,0,1603065600
1389,0,4,9,325,1520,49,109,62,68,36,24,1868,0,0,16021,51,25,90,88,0,0,0,0,0,0,0,0,0,0,0,0,0,0,1603152000
1390,0,4,9,325,1520,49,109,62,68,36,24,1868,0,0,16021,51,25,90,88,0,0,0,0,0,0,0,0,0,0,0,0,0,0,1603238400
1391,0,4,9,325,1520,49,109,62,68,36,24,1868,0,0,16021,51,25,90,88,0,0,0,0,0,0,0,0,0,0,0,0,0,0,1603324800
1392,0,4,9,325,1520,49,109,62,68,36,24,1868,0,0,16021,51,25,90,88,0,0,0,0,0,0,0,0,0,0,0,0,0,0,1603411200
1393,0,4,9,325,1520,49,109,62,68,36,24,1868,0,0,16021,51,25,90,88,0,0,0,0,0,0,0,0,0,0,0,0,0,0,1603497600
1394,0,4,9,325,1520,49,109,62,68,36,24,1868,0,0,16021,51,25,90,88,0,0,0,0,0,0,0,0,0,0,0,0,0,0,1603584000
1395,0,4,9,325,1520,49,109,62,68,36,24,1868,0,0,16021,51,25,90,88,0,0,0,0,0,0,0,0,0,0,0,0,0,0,1603670400
1396,0,4,9,325,1520,49,109,62,68,36,24,1868,0,0,16021,51,25,90,88,0,0,0,0,0,0,0,0,0,0,0,0,0,0,1603756800
1397,0,4,9,325,1520,49,109,62,68,36,24,1868,0,0,16021,51,25,90,88,0,0,0,0,0,0,0,0,0,0,0,0,0,0,1603843200
1398,0,4,9,325,1520,49,109,62,68,36,24,1868,0,0,16021,51,25,90,88,0,0,0,0,0,0,0,0,0,0,0,0,0,0,1603929600
1399,0,4,9,325,1520,49,109,62,68,36,24,1868,0,0,16021,51,25,90,88,0,0,0,0,0,0,0,0,0,0,0,0,0,0,1604016000
1400,0,4,9,325,1520,49,109,62,68,36,24,1868,0,0,16021,51,25,90,88,0,0,0,0,0,0,0,0,0,0,0,0,0,0,1604102400
1401,0,4,9,325,1521,49,109,62,68,36,24,1869,0,0,16021,51,25,90,88,0,0,0,0,0,0,0,0,0,0,0,0,0,0,1604188800
1402,0,4,9,325,1521,49,109,62,68,36,24,1869,0,0,16021,51,25,90,88,0,0,0,0,0,0,0,0,0,0,0,0,0,0,1604275200
1403,0,4,9,325,1521,49,109,62,68,36,24,1869,0,0,16021,51,25,90,88,0,0,0,0,0,0,0,0,0,0,0,0,0,0,1604361600
1404,0,4,9,325,1521,49,109,62,68,36,24,1869,0,0,16021,51,25,90,88,0,0,0,0,0,0,0,0,0,0,0,0,0,0,1604448000
1405,0,4,9,325,1521,49,109,62,68,36,24,1869,0,0,16021,51,25,90,88,0,0,0,0,0,0,0,0,0,0,0,0,0,0,1604534400
1406,0,4,9,325,1521,49,109,62,68,36,24,1869,0,0,16021,51,25,90,88,0,0,0,0,0,0,0,0,0,0,0,0,0,0,1604620800
1407,0,4,9,325,1521,49,109,62,68,36,24,1869,0,0,16021,51,25,90,88,0,0,0,0,0,0,0,0,0,0,0,0,0,0,1604707200
1408,0,4,9,325,1524,49,109,62,68,36,24,1872,0,0,16021,51,25,90,88,0,0,0,0,0,0,0,0,0,0,0,0,0,0,1604793600
1409,0,4,9,325,1525,49,109,62,68,36,24,1873,0,0,16021,51,25,90,88,0,0,0,0,0,0,0,0,0,0,0,0,0,0,1604880000
1410,0,4,9,325,1525,49,109,62,68,36,24,1873,0,0,16021,51,25,90,88,0,0,0,0,0,0,0,0,0,0,0,0,0,0,1604966400
1411,0,4,9,325,1525,49,109,62,68,36,24,1873,0,0,16021,51,25,90,88,0,0,0,0,0,0,0,0,0,0,0,0,0,0,1605052800
1412,0,4,9,325,1525,49,109,62,68,36,24,1873,0,0,16021,51,25,90,88,0,0,0,0,0,0,0,0,0,0,0,0,0,0,1605139200
1413,0,4,9,325,1525,49,109,62,68,36,24,1873,0,0,16021,51,25,90,88,0,0,0,0,0,0,0,0,0,0,0,0,0,0,1605225600
1414,0,4,9,325,1525,49,109,62,68,36,24,1873,0,0,16021,51,25,90,88,0,0,0,0,0,0,0,0,0,0,0,0,0,0,1605312000
1415,0,4,9,325,1525,49,109,62,68,36,24,1873,0,0,16021,51,25,90,88,0,0,0,0,0,0,0,0,0,0,0,0,0,0,1605398400
1416,0,4,9,325,1525,49,109,62,68,36,24,1873,0,0,16021,51,25,90,88,0,0,0,0,0,0,0,0,0,0,0,0,0,0,1605484800
1417,0,4,9,325,1525,49,109,62,68,36,24,1873,0,0,16021,51,25,90,88,0,0,0,0,0,0,0,0,0,0,0,0,0,0,1605571200
1418,0,4,9,325,1525,49,109,62,68,36,24,1873,0,0,16021,51,25,90,88,0,0,0,0,0,0,0,0,0,0,0,0,0,0,1605657600
1419,0,4,9,325,1525,49,109,62,68,36,24,1873,0,0,16021,51,25,90,88,0,0,0,0,0,0,0,0,0,0,0,0,0,0,1605744000
1420,0,4,9,325,1526,49,109,62,68,36,24,1874,0,0,16021,51,25,90,88,0,0,0,0,0,0,0,0,0,0,0,0,0,0,1605830400
1421,0,4,9,325,1526,49,109,62,68,36,24,1874,0,0,16021,51,25,90,88,0,0,0,0,0,0,0,0,0,0,0,0,0,0,1605916800
1422,0,4,9,325,1526,49,109,62,68,36,24,1874,0,0,16021,51,25,90,88,0,0,0,0,0,0,0,0,0,0,0,0,0,0,1606003200
1423,0,4,9,325,1527,49,109,62,68,36,24,1875,0,0,16021,51,25,90,88,0,0,0,0,0,0,0,0,0,0,0,0,0,0,1606089600
1424,0,4,9,325,1527,49,109,62,68,36,24,1875,0,0,16021,51,25,90,88,0,0,0,0,0,0,0,0,0,0,0,0,0,0,1606176000
1425,0,4,9,325,1527,49,109,62,68,36,24,1875,0,0,16021,51,25,90,88,0,0,0,0,0,0,0,0,0,0,0,0,0,0,1606262400
1426,0,4,9,325,1527,49,109,62,68,36,24,1875,0,0,16021,51,25,90,88,0,0,0,0,0,0,0,0,0,0,0,0,0,0,1606348800
1427,0,4,9,325,1527,49,109,62,68,36,24,1875,0,0,16021,51,25,90,88,0,0,0,0,0,0,0,0,0,0,0,0,0,0,1606435200
1428,0,4,9,325,1527,49,109,62,68,36,24,1875,0,0,16021,51,25,90,88,0,0,0,0,0,0,0,0,0,0,0,0,0,0,1606521600
1429,0,4,9,325,1528,49,109,62,68,36,24,1876,0,0,16021,51,25,90,88,0,0,0,0,0,0,0,0,0,0,0,0,0,0,1606608000
1430,0,4,9,325,1529,49,109,62,68,36,24,1877,0,0,16021,51,25,90,88,0,0,0,0,0,0,0,0,0,0,0,0,0,0,1606694400
1431,0,4,9,325,1529,49,109,62,68,36,24,1877,0,0,16021,51,25,90,88,0,0,0,0,0,0,0,0,0,0,0,0,0,0,1606780800
1432,0,4,9,325,1529,49,109,62,68,36,24,1877,0,0,16021,51,25,90,88,0,0,0,0,0,0,0,0,0,0,0,0,0,0,1606867200
1433,0,4,9,325,1529,49,109,62,68,36,24,1877,0,0,16021,51,25,90,88,0,0,0,0,0,0,0,0,0,0,0,0,0,0,1606953600
1434,0,4,9,325,1529,49,109,62,68,36,24,1877,0,0,16021,51,25,90,88,0,0,0,0,0,0,0,0,0,0,0,0,0,0,1607040000
1435,0,4,9,325,1529,49,109,62,68,36,24,1877,0,0,16021,51,25,90,88,0,0,0,0,0,0,0,0,0,0,0,0,0,0,1607126400
1436,0,4,9,325,1529,49,109,62,68,36,24,1877,0,0,16021,51,25,90,88,0,0,0,0,0,0,0,0,0,0,0,0,0,0,1607212800
1437,0,4,9,325,1529,49,109,62,68,36,24,1877,0,0,16021,51,25,90,88,0,0,0,0,0,0,0,0,0,0,0,0,0,0,1607299200
1438,0,4,9,325,1529,49,109,62,68,36,24,1877,0,0,16021,51,25,90,88,0,0,0,0,0,0,0,0,0,0,0,0,0,0,1607385600
1439,0,4,9,325,1529,49,109,62,68,36,24,1877,0,0,16021,51,25,90,88,0,0,0,0,0,0,0,0,0,0,0,0,0,0,1607472000
1440,0,4,9,325,1529,49,109,62,68,36,24,1877,0,0,16021,51,25,90,88,0,0,0,0,0,0,0,0,0,0,0,0,0,0,1607558400
1441,0,4,9,325,1529,49,109,62,68,36,24,1877,0,0,16021,51,25,90,88,0,0,0,0,0,0,0,0,0,0,0,0,0,0,1607644800
1442,0,4,9,325,1529,49,109,62,68,36,24,1877,0,0,16021,51,25,90,88,0,0,0,0,0,0,0,0,0,0,0,0,0,0,1607731200
1443,0,4,9,325,1529,49,109,62,68,36,24,1877,0,0,16021,51,25,90,88,0,0,0,0,0,0,0,0,0,0,0,0,0,0,1607817600
1444,0,4,9,325,1529,49,109,62,68,36,24,1877,0,0,16021,51,25,90,88,0,0,0,0,0,0,0,0,0,0,0,0,0,0,1607904000
1445,0,4,9,325,1529,49,109,62,68,36,24,1877,0,0,16021,51,25,90,88,0,0,0,0,0,0,0,0,0,0,0,0,0,0,1607990400
1446,0,4,9,325,1529,49,109,62,68,36,24,1877,0,0,16021,51,25,90,88,0,0,0,0,0,0,0,0,0,0,0,0,0,0,1608076800
1447,0,4,9,325,1529,49,109,62,68,36,24,1877,0,0,16021,51,25,90,88,0,0,0,0,0,0,0,0,0,0,0,0,0,0,1608163200
1448,0,4,9,325,1529,49,109,62,68,36,24,1877,0,0,16021,51,25,90,88,0,0,0,0,0,0,0,0,0,0,0,0,0,0,1608249600
1449,0,4,9,325,1529,49,109,62,68,36,24,1877,0,0,16021,51,25,90,88,0,0,0,0,0,0,0,0,0,0,0,0,0,0,1608336000
1450,0,4,9,325,1529,49,109,62,68,36,24,1877,0,0,16021,51,25,90,88,0,0,0,0,0,0,0,0,0,0,0,0,0,0,1608422400
1451,0,4,9,325,1529,49,109,62,68,36,24,1877,0,0,16021,51,25,90,88,0,0,0,0,0,0,0,0,0,0,0,0,0,0,1608508800
1452,0,4,9,325,1529,49,109,62,68,36,24,1877,0,0,16021,51,25,90,88,0,0,0,0,0,0,0,0,0,0,0,0,0,0,1608595200
1453,0,4,9,325,1529,49,109,62,68,36,24,1877,0,0,16021,51,25,90,88,0,0,0,0,0,0,0,0,0,0,0,0,0,0,1608681600
1454,0,4,9,325,1529,49,109,62,68,36,24,1877,0,0,16021,51,25,90,88,0,0,0,0,0,0,0,0,0,0,0,0,0,0,1608768000
1455,0,4,9,325,1529,49,109,62,68,36,24,1877,0,0,16021,51,25,90,88,0,0,0,0,0,0,0,0,0,0,0,0,0,0,1608854400
1456,0,4,9,325,1529,49,109,62,68,36,24,1877,0,0,16021,51,25,90,88,0,0,0,0,0,0,0,0,0,0,0,0,0,0,1608940800
1457,0,4,9,325,1529,49,109,62,68,36,24,1877,0,0,16021,51,25,90,88,0,0,0,0,0,0,0,0,0,0,0,0,0,0,1609027200
1458,0,4,9,325,1529,49,109,62,68,36,24,1877,0,0,16021,51,25,90,88,0,0,0,0,0,0,0,0,0,0,0,0,0,0,1609113600
1459,0,4,9,325,1529,49,109,62,68,36,24,1877,0,0,16021,51,25,90,88,0,0,0,0,0,0,0,0,0,0,0,0,0,0,1609200000
1460,0,4,9,325,1529,49,109,62,68,36,24,1877,0,0,16021,51,25,90,88,0,0,0,0,0,0,0,0,0,0,0,0,0,0,1609286400
1461,0,4,9,325,1529,49,109,62,68,36,24,1877,0,0,16021,51,25,90,88,0,0,0,0,0,0,0,0,0,0,0,0,0,0,1609372800
1462,0,4,9,325,1529,49,109,62,68,36,24,1877,0,0,16021,51,25,90,88,0,0,0,0,0,0,0,0,0,0,0,0,0,0,1609459200
1463,0,4,9,325,1529,49,109,62,68,36,24,1877,0,0,16021,51,25,90,88,0,0,0,0,0,0,0,0,0,0,0,0,0,0,1609545600
1464,0,4,9,325,1529,49,109,62,68,36,24,1877,0,0,16021,51,25,90,88,0,0,0,0,0,0,0,0,0,0,0,0,0,0,1609632000
1465,0,4,9,325,1529,49,109,62,68,36,24,1877,0,0,16021,51,25,90,88,0,0,0,0,0,0,0,0,0,0,0,0,0,0,1609718400
1466,0,4,9,325,1529,49,109,62,68,36,24,1877,0,0,16021,51,25,90,88,0,0,0,0,0,0,0,0,0,0,0,0,0,0,1609804800
1467,0,4,9,325,1529,49,109,62,68,36,24,1877,0,0,16021,51,25,90,88,0,0,0,0,0,0,0,0,0,0,0,0,0,0,1609891200
1468,0,4,9,325,1529,49,109,62,68,36,24,1877,0,0,16021,51,25,90,88,0,0,0,0,0,0,0,0,0,0,0,0,0,0,1609977600
1469,0,4,9,325,1529,49,109,62,68,36,24,1877,0,0,16021,51,25,90,88,0,0,0,0,0,0,0,0,0,0,0,0,0,0,1610064000
1470,0,4,9,325,1529,49,109,62,68,36,24,1877,0,0,16021,51,25,90,88,0,0,0,0,0,0,0,0,0,0,0,0,0,0,1610150400
1471,0,4,9,325,1529,49,109,62,68,36,24,1877,0,0,16021,51,25,90,88,0,0,0,0,0,0,0,0,0,0,0,0,0,0,1610236800
1472,0,4,9,325,1529,49,109,62,68,36,24,1877,0,0,16021,51,25,90,88,0,0,0,0,0,0,0,0,0,0,0,0,0,0,1610323200
1473,0,4,9,325,1529,49,109,62,68,36,24,1877,0,0,16021,51,25,90,88,0,0,0,0,0,0,0,0,0,0,0,0,0,0,1610409600
1474,0,4,9,325,1529,49,109,62,68,36,24,1877,0,0,16021,51,25,90,88,0,0,0,0,0,0,0,0,0,0,0,0,0,0,1610496000
1475,0,4,9,325,1530,49,109,62,68,36,24,1878,0,0,16021,51,25,90,88,0,0,0,0,0,0,0,0,0,0,0,0,0,0,1610582400
1476,0,4,9,325,1530,49,109,62,68,36,24,1878,0,0,16021,51,25,90,88,0,0,0,0,0,0,0,0,0,0,0,0,0,0,1610668800
1477,0,4,9,325,1530,49,109,62,68,36,24,1878,0,0,16021,51,25,90,88,0,0,0,0,0,0,0,0,0,0,0,0,0,0,1610755200
1478,0,4,9,325,1530,49,109,62,68,36,24,1878,0,0,16021,51,25,90,88,0,0,0,0,0,0,0,0,0,0,0,0,0,0,1610841600
1479,0,4,9,325,1530,49,109,62,68,36,24,1878,0,0,16021,51,25,90,88,0,0,0,0,0,0,0,0,0,0,0,0,0,0,1610928000
1480,0,4,9,325,1530,49,109,62,68,36,24,1878,0,0,16021,51,25,90,88,0,0,0,0,0,0,0,0,0,0,0,0,0,0,1611014400
1481,0,4,9,325,1530,49,109,62,68,36,24,1878,0,0,16021,51,25,90,88,0,0,0,0,0,0,0,0,0,0,0,0,0,0,1611100800
1482,0,4,9,325,1530,49,109,62,68,36,24,1878,0,0,16021,51,25,90,88,0,0,0,0,0,0,0,0,0,0,0,0,0,0,1611187200
1483,0,4,9,325,1530,49,109,62,68,36,24,1878,0,0,16021,51,25,90,88,0,0,0,0,0,0,0,0,0,0,0,0,0,0,1611273600
1484,0,4,9,325,1530,49,109,62,68,36,24,1878,0,0,16021,51,25,90,88,0,0,0,0,0,0,0,0,0,0,0,0,0,0,1611360000
1485,0,4,9,325,1530,49,109,62,68,36,24,1878,0,0,16021,51,25,90,88,0,0,0,0,0,0,0,0,0,0,0,0,0,0,1611446400
1486,0,4,9,325,1539,49,109,62,68,36,24,1887,0,0,16021,51,25,90,88,0,0,0,0,0,0,0,0,0,0,0,0,0,0,1611532800
1487,0,4,9,325,1539,49,109,62,68,36,24,1887,0,0,16021,51,25,90,88,0,0,0,0,0,0,0,0,0,0,0,0,0,0,1611619200
1488,0,4,9,325,1539,49,109,62,68,36,24,1887,0,0,16021,51,25,90,88,0,0,0,0,0,0,0,0,0,0,0,0,0,0,1611705600
1489,0,4,9,325,1539,49,109,62,68,36,24,1887,0,0,16021,51,25,90,88,0,0,0,0,0,0,0,0,0,0,0,0,0,0,1611792000
1490,0,4,9,325,1539,49,109,62,68,36,24,1887,0,0,16021,51,25,90,88,0,0,0,0,0,0,0,0,0,0,0,0,0,0,1611878400
1491,0,4,9,325,1539,49,109,62,68,36,24,1887,0,0,16021,51,25,90,88,0,0,0,0,0,0,0,0,0,0,0,0,0,0,1611964800
1492,0,4,9,325,1539,49,109,62,68,36,24,1887,0,0,16021,51,25,90,88,0,0,0,0,0,0,0,0,0,0,0,0,0,0,1612051200
1493,0,4,9,325,1540,49,109,62,68,36,24,1888,0,0,16021,51,25,90,88,0,0,0,0,0,0,0,0,0,0,0,0,0,0,1612137600
1494,0,4,9,325,1540,49,109,62,68,36,24,1888,0,0,16021,51,25,90,88,0,0,0,0,0,0,0,0,0,0,0,0,0,0,1612224000
1495,0,4,9,325,1542,49,109,62,68,36,24,1890,0,0,16021,51,25,90,88,0,0,0,0,0,0,0,0,0,0,0,0,0,0,1612310400
1496,0,4,9,325,1543,49,109,62,68,36,24,1891,0,0,16021,51,25,90,88,0,0,0,0,0,0,0,0,0,0,0,0,0,0,1612396800
1497,0,4,9,325,1543,49,109,62,68,36,24,1891,0,0,16021,51,25,90,88,0,0,0,0,0,0,0,0,0,0,0,0,0,0,1612483200
1498,0,4,9,325,1545,49,109,62,68,36,24,1893,0,0,16021,51,25,90,88,0,0,0,0,0,0,0,0,0,0,0,0,0,0,1612569600
1499,0,4,9,325,1548,49,109,62,68,36,24,1896,0,0,16021,51,25,90,88,0,0,0,0,0,0,0,0,0,0,0,0,0,0,1612656000
1500,0,4,9,325,1549,49,109,62,68,36,24,1897,0,0,16021,51,25,90,88,0,0,0,0,0,0,0,0,0,0,0,0,0,0,1612742400
1501,0,4,9,325,1550,49,109,62,68,36,24,1898,0,0,16021,51,25,90,88,0,0,0,0,0,0,0,0,0,0,0,0,0,0,1612828800
1502,0,4,9,325,1551,49,109,62,68,36,24,1899,0,0,16021,51,25,90,88,0,0,0,0,0,0,0,0,0,0,0,0,0,0,1612915200
1503,0,4,9,325,1551,49,109,62,68,36,24,1899,0,0,16021,51,25,90,88,0,0,0,0,0,0,0,0,0,0,0,0,0,0,1613001600
1504,0,4,9,325,1552,49,109,62,68,36,24,1900,0,0,16021,51,25,90,88,0,0,0,0,0,0,0,0,0,0,0,0,0,0,1613088000
1505,0,4,9,325,1552,49,109,62,68,36,24,1900,0,0,16021,51,25,90,88,0,0,0,0,0,0,0,0,0,0,0,0,0,0,1613174400
1506,0,4,9,325,1552,49,109,62,68,36,24,1900,0,0,16021,51,25,90,88,0,0,0,0,0,0,0,0,0,0,0,0,0,0,1613260800
1507,0,4,9,325,1553,49,109,62,68,36,24,1901,0,0,16021,51,25,90,88,0,0,0,0,0,0,0,0,0,0,0,0,0,0,1613347200
1508,0,4,9,325,1553,49,109,62,68,36,24,1901,0,0,16021,51,25,90,88,0,0,0,0,0,0,0,0,0,0,0,0,0,0,1613433600
1509,0,4,9,325,1553,49,109,62,68,36,24,1901,0,0,16021,51,25,90,88,0,0,0,0,0,0,0,0,0,0,0,0,0,0,1613520000
1510,0,4,9,325,1553,49,109,62,68,36,24,1901,0,0,16021,51,25,90,88,0,0,0,0,0,0,0,0,0,0,0,0,0,0,1613606400
1511,0,4,9,325,1553,49,109,62,68,36,24,1901,0,0,16021,51,25,90,88,0,0,0,0,0,0,0,0,0,0,0,0,0,0,1613692800
1512,0,4,9,325,1553,49,109,62,68,36,24,1901,0,0,16021,51,25,90,88,0,0,0,0,0,0,0,0,0,0,0,0,0,0,1613779200
1513,0,4,9,325,1554,49,109,62,68,36,24,1902,0,0,16021,51,25,90,88,0,0,0,0,0,0,0,0,0,0,0,0,0,0,1613865600
1514,0,4,9,325,1554,49,109,62,68,36,24,1902,0,0,16021,51,25,90,88,0,0,0,0,0,0,0,0,0,0,0,0,0,0,1613952000
1515,0,4,9,325,1554,49,109,62,68,36,24,1902,0,0,16021,51,25,90,88,0,0,0,0,0,0,0,0,0,0,0,0,0,0,1614038400
1516,0,4,9,325,1554,49,109,62,68,36,24,1902,0,0,16021,51,25,90,88,0,0,0,0,0,0,0,0,0,0,0,0,0,0,1614124800
1517,0,4,9,325,1555,49,109,62,68,36,24,1903,0,0,16021,51,25,90,88,0,0,0,0,0,0,0,0,0,0,0,0,0,0,1614211200
1518,0,4,9,325,1555,49,109,62,68,36,24,1903,0,0,16021,51,25,90,88,0,0,0,0,0,0,0,0,0,0,0,0,0,0,1614297600
1519,0,4,9,325,1555,49,109,62,68,36,24,1903,0,0,16021,51,25,90,88,0,0,0,0,0,0,0,0,0,0,0,0,0,0,1614384000
1520,0,4,9,325,1555,49,109,62,68,36,24,1903,0,0,16021,51,25,90,88,0,0,0,0,0,0,0,0,0,0,0,0,0,0,1614470400
1521,0,4,9,325,1556,49,109,62,68,36,24,1904,0,0,16021,51,25,90,88,0,0,0,0,0,0,0,0,0,0,0,0,0,0,1614556800
1522,0,4,9,325,1556,49,109,62,68,36,24,1904,0,0,16021,51,25,90,88,0,0,0,0,0,0,0,0,0,0,0,0,0,0,1614643200
1523,0,4,9,325,1556,49,109,62,68,36,24,1904,0,0,16021,51,25,90,88,0,0,0,0,0,0,0,0,0,0,0,0,0,0,1614729600
1524,0,4,9,325,1556,49,109,62,68,36,24,1904,0,0,16021,51,25,90,88,0,0,0,0,0,0,0,0,0,0,0,0,0,0,1614816000
1525,0,4,9,325,1556,49,109,62,68,36,24,1904,0,0,16021,51,25,90,88,0,0,0,0,0,0,0,0,0,0,0,0,0,0,1614902400
1526,0,4,9,325,1556,49,109,62,68,36,24,1904,0,0,16021,51,25,90,88,0,0,0,0,0,0,0,0,0,0,0,0,0,0,1614988800
1527,0,4,9,325,1556,49,109,62,68,36,24,1904,0,0,16021,51,25,90,88,0,0,0,0,0,0,0,0,0,0,0,0,0,0,1615075200
1528,0,4,9,325,1556,49,109,62,68,36,24,1904,0,0,16021,51,25,90,88,0,0,0,0,0,0,0,0,0,0,0,0,0,0,1615161600
1529,0,4,9,325,1556,49,109,62,68,36,24,1904,0,0,16021,51,25,90,88,0,0,0,0,0,0,0,0,0,0,0,0,0,0,1615248000
1530,0,4,9,325,1558,49,109,62,68,36,24,1906,0,0,16021,51,25,90,88,0,0,0,0,0,0,0,0,0,0,0,0,0,0,1615334400
1531,0,4,9,325,1558,49,109,62,68,36,24,1906,0,0,16021,51,25,90,88,0,0,0,0,0,0,0,0,0,0,0,0,0,0,1615420800
1532,0,4,9,325,1558,49,109,62,68,36,24,1906,0,0,16021,51,25,90,88,0,0,0,0,0,0,0,0,0,0,0,0,0,0,1615507200
1533,0,4,9,325,1558,49,109,62,68,36,24,1906,0,0,16021,51,25,90,88,0,0,0,0,0,0,0,0,0,0,0,0,0,0,1615593600
1534,0,4,9,325,1559,49,109,62,68,36,24,1907,0,0,16021,51,25,90,88,0,0,0,0,0,0,0,0,0,0,0,0,0,0,1615680000
1535,0,4,9,325,1559,49,109,62,68,36,24,1907,0,0,16021,51,25,90,88,0,0,0,0,0,0,0,0,0,0,0,0,0,0,1615766400
1536,0,4,9,325,1559,49,109,62,68,36,24,1907,0,0,16021,51,25,90,88,0,0,0,0,0,0,0,0,0,0,0,0,0,0,1615852800
1537,0,4,9,325,1560,49,109,62,68,36,24,1908,0,0,16021,51,25,90,88,0,0,0,0,0,0,0,0,0,0,0,0,0,0,1615939200
1538,0,4,9,325,1560,49,109,62,68,36,24,1908,0,0,16021,51,25,90,88,0,0,0,0,0,0,0,0,0,0,0,0,0,0,1616025600
1539,0,4,9,325,1560,49,109,62,68,36,24,1908,0,0,16021,51,25,90,88,0,0,0,0,0,0,0,0,0,0,0,0,0,0,1616112000
1540,0,4,9,325,1560,49,109,62,68,36,24,1908,0,0,16021,51,25,90,88,0,0,0,0,0,0,0,0,0,0,0,0,0,0,1616198400
1541,0,4,9,325,1567,49,111,62,68,36,24,1917,0,0,16021,51,25,90,88,0,0,0,0,0,0,0,0,0,0,0,0,0,0,1616284800
1542,0,4,9,325,1567,49,111,62,68,36,24,1917,0,0,16021,51,25,90,88,0,0,0,0,0,0,0,0,0,0,0,0,0,0,1616371200
1543,0,4,9,325,1570,49,111,62,68,36,24,1920,0,0,16021,51,25,90,88,0,0,0,0,0,0,0,0,0,0,0,0,0,0,1616457600
1544,0,4,9,325,1572,49,111,62,68,36,24,1922,0,0,16021,51,25,90,88,0,0,0,0,0,0,0,0,0,0,0,0,0,0,1616544000
1545,0,4,9,325,1572,49,111,62,68,36,24,1922,0,0,16021,51,25,90,88,0,0,0,0,0,0,0,0,0,0,0,0,0,0,1616630400
1546,0,4,9,325,1574,49,111,62,68,36,24,1924,0,0,16021,51,25,90,88,0,0,0,0,0,0,0,0,0,0,0,0,0,0,1616716800
1547,0,4,9,325,1575,49,111,62,68,36,24,1925,0,0,16021,51,25,90,88,0,0,0,0,0,0,0,0,0,0,0,0,0,0,1616803200
1548,0,4,9,325,1575,49,111,62,68,36,24,1925,0,0,16021,51,25,90,88,0,0,0,0,0,0,0,0,0,0,0,0,0,0,1616889600
1549,0,4,9,325,1575,49,111,62,68,36,24,1925,0,0,16021,51,25,90,88,0,0,0,0,0,0,0,0,0,0,0,0,0,0,1616976000
1550,0,4,9,325,1576,49,111,62,68,36,24,1926,0,0,16021,51,25,90,88,0,0,0,0,0,0,0,0,0,0,0,0,0,0,1617062400
1551,0,4,9,325,1579,49,111,62,68,36,24,1929,0,0,16021,51,25,90,88,0,0,0,0,0,0,0,0,0,0,0,0,0,0,1617148800
1552,0,4,9,325,1580,49,111,62,68,36,24,1930,0,0,16021,51,25,90,88,0,0,0,0,0,0,0,0,0,0,0,0,0,0,1617235200
1553,0,4,9,325,1581,49,111,62,68,36,24,1931,0,0,16021,51,25,90,88,0,0,0,0,0,0,0,0,0,0,0,0,0,0,1617321600
1554,0,4,9,325,1582,49,111,62,68,36,24,1932,0,0,16021,51,25,90,88,0,0,0,0,0,0,0,0,0,0,0,0,0,0,1617408000
1555,0,4,9,325,1587,49,111,62,68,36,24,1937,0,0,16021,51,25,90,88,0,0,0,0,0,0,0,0,0,0,0,0,0,0,1617494400
1556,0,4,9,325,1589,49,111,62,68,36,24,1939,0,0,16021,51,25,90,88,0,0,0,0,0,0,0,0,0,0,0,0,0,0,1617580800
1557,0,4,9,325,1590,49,111,62,68,36,24,1940,0,0,16021,51,25,90,88,0,0,0,0,0,0,0,0,0,0,0,0,0,0,1617667200
1558,0,4,9,325,1597,49,112,62,69,36,24,1949,0,0,16021,51,25,90,88,0,0,0,0,0,0,0,0,0,0,0,0,0,0,1617753600
1559,0,4,9,325,1598,49,112,62,69,36,24,1950,0,0,16021,51,25,90,88,0,0,0,0,0,0,0,0,0,0,0,0,0,0,1617840000
1560,0,4,9,325,1610,49,112,62,69,36,24,1962,0,0,16021,51,25,90,88,0,0,0,0,0,0,0,0,0,0,0,0,0,0,1617926400
1561,0,4,9,325,1613,49,112,62,69,36,24,1965,0,0,16021,51,25,90,88,0,0,0,0,0,0,0,0,0,0,0,0,0,0,1618012800
1562,0,4,9,325,1617,49,112,62,69,36,24,1969,0,0,16021,51,25,90,88,0,0,0,0,0,0,0,0,0,0,0,0,0,0,1618099200
1563,0,4,9,325,1627,49,112,62,69,36,24,1979,0,0,16021,51,25,90,88,0,0,0,0,0,0,0,0,0,0,0,0,0,0,1618185600
1564,0,4,9,325,1627,49,112,62,69,36,24,1979,0,0,16021,51,25,90,88,0,0,0,0,0,0,0,0,0,0,0,0,0,0,1618272000
1565,0,4,9,325,1627,49,112,62,69,36,24,1979,0,0,16021,51,25,90,88,0,0,0,0,0,0,0,0,0,0,0,0,0,0,1618358400
1566,0,4,9,325,1629,49,112,62,69,36,24,1981,0,0,16021,51,25,90,88,0,0,0,0,0,0,0,0,0,0,0,0,0,0,1618444800
1567,0,4,9,325,1632,49,112,62,69,36,24,1984,0,0,16021,51,25,90,88,0,0,0,0,0,0,0,0,0,0,0,0,0,0,1618531200
1568,0,4,9,325,1632,49,112,62,69,36,24,1984,0,0,16021,51,25,90,88,0,0,0,0,0,0,0,0,0,0,0,0,0,0,1618617600
1569,0,4,9,325,1634,49,112,62,69,36,24,1986,0,0,16021,51,25,90,88,0,0,0,0,0,0,0,0,0,0,0,0,0,0,1618704000
1570,0,4,9,325,1635,49,112,62,69,36,24,1987,0,0,16021,51,25,90,88,0,0,0,0,0,0,0,0,0,0,0,0,0,0,1618790400
1571,0,4,9,325,1635,49,112,62,69,36,24,1987,0,0,16021,51,25,90,88,0,0,0,0,0,0,0,0,0,0,0,0,0,0,1618876800
1572,0,4,9,325,1635,49,112,62,69,36,24,1987,0,0,16021,51,25,90,88,0,0,0,0,0,0,0,0,0,0,0,0,0,0,1618963200
1573,0,4,9,325,1642,49,112,62,69,36,24,1994,0,0,16021,51,25,90,88,0,0,0,0,0,0,0,0,0,0,0,0,0,0,1619049600
1574,0,4,9,325,1651,49,113,62,69,36,24,2004,0,0,16021,51,25,90,88,0,0,0,0,0,0,0,0,0,0,0,0,0,0,1619136000
1575,0,4,9,325,1657,49,114,62,69,36,24,2011,0,0,16021,51,25,90,88,0,0,0,0,0,0,0,0,0,0,0,0,0,0,1619222400
1576,0,4,9,325,1659,49,114,62,69,36,24,2013,0,0,16021,51,25,90,88,0,0,0,0,0,0,0,0,0,0,0,0,0,0,1619308800
1577,0,4,9,325,1663,49,114,63,69,36,24,2018,0,0,16021,51,25,90,88,0,0,0,0,0,0,0,0,0,0,0,0,0,0,1619395200
1578,0,4,9,325,1664,49,114,63,69,36,24,2019,0,0,16021,51,25,90,88,0,0,0,0,0,0,0,0,0,0,0,0,0,0,1619481600
1579,0,4,9,325,1670,49,114,63,69,36,24,2025,0,0,16021,51,25,90,88,0,0,0,0,0,0,0,0,0,0,0,0,0,0,1619568000
1580,0,4,9,325,1674,49,114,63,69,36,24,2029,0,0,16021,51,25,90,88,0,0,0,0,0,0,0,0,0,0,0,0,0,0,1619654400
1581,0,4,9,325,1674,49,114,63,69,36,24,2029,0,0,16021,51,25,90,88,0,0,0,0,0,0,0,0,0,0,0,0,0,0,1619740800
1582,0,4,9,325,1674,49,114,63,69,36,24,2029,0,0,16021,51,25,90,88,0,0,0,0,0,0,0,0,0,0,0,0,0,0,1619827200
1583,0,4,9,325,1676,50,114,63,69,36,24,2032,0,0,16021,51,25,90,88,0,0,0,0,0,0,0,0,0,0,0,0,0,0,1619913600
1584,0,4,9,325,1681,50,114,63,69,36,24,2037,0,0,16021,51,25,90,88,0,0,0,0,0,0,0,0,0,0,0,0,0,0,1620000000
1585,0,4,9,325,1681,50,114,63,69,36,24,2037,0,0,16021,51,25,90,88,0,0,0,0,0,0,0,0,0,0,0,0,0,0,1620086400
1586,0,4,9,325,1682,50,114,63,69,36,24,2038,0,0,16021,51,25,90,88,0,0,0,0,0,0,0,0,0,0,0,0,0,0,1620172800
1587,0,4,9,325,1682,50,114,63,69,36,24,2038,0,0,16021,51,25,90,88,0,0,0,0,0,0,0,0,0,0,0,0,0,0,1620259200
1588,0,4,9,325,1683,50,114,63,69,36,24,2039,0,0,16021,51,25,90,88,0,0,0,0,0,0,0,0,0,0,0,0,0,0,1620345600
1589,0,4,9,325,1687,50,114,63,69,36,24,2043,0,0,16021,51,25,90,88,0,0,0,0,0,0,0,0,0,0,0,0,0,0,1620432000
1590,0,4,9,325,1694,51,114,63,69,36,24,2051,0,0,16021,51,25,90,88,0,0,0,0,0,0,0,0,0,0,0,0,0,0,1620518400
1591,0,4,9,325,1696,51,114,63,69,36,24,2053,0,0,16021,51,25,90,88,0,0,0,0,0,0,0,0,0,0,0,0,0,0,1620604800
1592,0,4,9,325,1699,51,114,63,69,36,24,2056,0,0,16021,51,25,90,88,0,0,0,0,0,0,0,0,0,0,0,0,0,0,1620691200
1593,0,4,9,325,1701,51,114,63,69,36,24,2058,0,0,16021,51,25,90,88,0,0,0,0,0,0,0,0,0,0,0,0,0,0,1620777600
1594,0,4,9,325,1720,51,114,63,71,36,24,2079,0,0,16021,51,25,90,88,0,0,0,0,0,0,0,0,0,0,0,0,0,0,1620864000
1595,0,4,9,325,1722,51,114,63,71,36,24,2081,0,0,16021,51,25,90,88,0,0,0,0,0,0,0,0,0,0,0,0,0,0,1620950400
1596,0,4,9,325,1732,51,114,63,71,36,24,2091,0,0,16021,51,25,90,88,0,0,0,0,0,0,0,0,0,0,0,0,0,0,1621036800
1597,0,4,9,325,1736,51,114,63,71,36,24,2095,0,0,16021,51,25,90,88,0,0,0,0,0,0,0,0,0,0,0,0,0,0,1621123200
1598,0,4,9,325,1736,51,114,63,71,36,24,2095,0,0,16021,51,25,90,88,0,0,0,0,0,0,0,0,0,0,0,0,0,0,1621209600
1599,0,4,9,325,1736,51,114,63,71,36,24,2095,0,0,16021,51,25,90,88,0,0,0,0,0,0,0,0,0,0,0,0,0,0,1621296000
1600,0,4,9,325,1739,51,114,63,71,36,24,2098,0,0,16021,51,25,90,88,0,0,0,0,0,0,0,0,0,0,0,0,0,0,1621382400
1601,0,4,9,325,1740,51,114,63,71,36,24,2099,0,0,16021,51,25,90,88,0,0,0,0,0,0,0,0,0,0,0,0,0,0,1621468800
1602,0,4,9,325,1743,51,114,63,71,36,24,2102,0,0,16021,51,25,90,88,0,0,0,0,0,0,0,0,0,0,0,0,0,0,1621555200
1603,0,4,9,325,1744,51,114,63,71,36,24,2103,0,0,16021,51,25,90,88,0,0,0,0,0,0,0,0,0,0,0,0,0,0,1621641600
1604,0,4,9,325,1744,51,114,63,71,36,24,2103,0,0,16021,51,25,90,88,0,0,0,0,0,0,0,0,0,0,0,0,0,0,1621728000
1605,0,4,9,325,1745,51,114,63,71,36,24,2104,0,0,16021,51,25,90,88,0,0,0,0,0,0,0,0,0,0,0,0,0,0,1621814400
1606,0,4,9,325,1746,51,114,63,71,36,24,2105,0,0,16021,51,25,90,88,0,0,0,0,0,0,0,0,0,0,0,0,0,0,1621900800
1607,0,4,9,325,1746,51,114,63,71,36,24,2105,0,0,16021,51,25,90,88,0,0,0,0,0,0,0,0,0,0,0,0,0,0,1621987200
1608,0,4,9,325,1748,51,114,63,71,36,24,2107,0,0,16021,51,25,90,88,0,0,0,0,0,0,0,0,0,0,0,0,0,0,1622073600
1609,0,4,9,325,1761,51,114,63,71,37,24,2121,0,0,16021,51,25,90,88,0,0,0,0,0,0,0,0,0,0,0,0,0,0,1622160000
1610,0,4,9,325,1762,51,114,63,71,37,24,2122,0,0,16021,51,25,90,88,0,0,0,0,0,0,0,0,0,0,0,0,0,0,1622246400
1611,0,4,9,325,1762,51,114,63,71,37,24,2122,0,0,16021,51,25,90,88,0,0,0,0,0,0,0,0,0,0,0,0,0,0,1622332800
1612,0,4,9,325,1762,51,114,63,71,37,24,2122,0,0,16021,51,25,90,88,0,0,0,0,0,0,0,0,0,0,0,0,0,0,1622419200
1613,0,4,9,325,1762,51,114,63,71,37,24,2122,0,0,16021,51,25,90,88,0,0,0,0,0,0,0,0,0,0,0,0,0,0,1622505600
1614,0,4,9,325,1763,51,114,63,71,37,24,2123,0,0,16021,51,25,90,88,0,0,0,0,0,0,0,0,0,0,0,0,0,0,1622592000
1615,0,4,9,325,1763,51,114,63,71,37,24,2123,0,0,16021,51,25,90,88,0,0,0,0,0,0,0,0,0,0,0,0,0,0,1622678400
1616,0,4,9,325,1763,51,114,63,71,37,24,2123,0,0,16021,51,25,90,88,0,0,0,0,0,0,0,0,0,0,0,0,0,0,1622764800
1617,0,4,9,325,1763,51,114,63,71,37,24,2123,0,0,16021,51,25,90,88,0,0,0,0,0,0,0,0,0,0,0,0,0,0,1622851200
1618,0,4,9,325,1763,51,114,63,71,37,24,2123,0,0,16021,51,25,90,88,0,0,0,0,0,0,0,0,0,0,0,0,0,0,1622937600
1619,0,4,9,325,1763,51,114,63,71,37,24,2123,0,0,16021,51,25,90,88,0,0,0,0,0,0,0,0,0,0,0,0,0,0,1623024000
1620,0,4,9,325,1763,51,114,63,71,37,24,2123,0,0,16021,51,25,90,88,0,0,0,0,0,0,0,0,0,0,0,0,0,0,1623110400
1621,0,4,9,325,1767,51,114,63,71,37,24,2127,0,0,16021,51,25,90,88,0,0,0,0,0,0,0,0,0,0,0,0,0,0,1623196800
1622,0,4,9,325,1768,51,114,63,71,37,24,2128,0,0,16021,51,25,90,88,0,0,0,0,0,0,0,0,0,0,0,0,0,0,1623283200
1623,0,4,9,325,1769,51,114,63,71,37,24,2129,0,0,16021,51,25,90,88,0,0,0,0,0,0,0,0,0,0,0,0,0,0,1623369600
1624,0,4,9,325,1770,51,114,63,71,37,24,2130,0,0,16021,51,25,90,88,0,0,0,0,0,0,0,0,0,0,0,0,0,0,1623456000
1625,0,4,9,325,1770,51,114,63,71,37,24,2130,0,0,16021,51,25,90,88,0,0,0,0,0,0,0,0,0,0,0,0,0,0,1623542400
1626,0,4,9,325,1789,53,114,63,71,37,24,2151,0,0,16021,51,25,90,88,0,0,0,0,0,0,0,0,0,0,0,0,0,0,1623628800
1627,0,4,9,325,1797,53,114,64,72,37,24,2161,0,0,16021,51,25,90,88,0,0,0,0,0,0,0,0,0,0,0,0,0,0,1623715200
1628,0,4,9,325,1797,53,114,64,72,37,24,2161,0,0,16021,51,25,90,88,0,0,0,0,0,0,0,0,0,0,0,0,0,0,1623801600
1629,0,4,9,325,1797,53,114,64,72,37,24,2161,0,0,16021,51,25,90,88,0,0,0,0,0,0,0,0,0,0,0,0,0,0,1623888000
1630,0,4,9,325,1797,53,114,64,72,37,24,2161,0,0,16021,51,25,90,88,0,0,0,0,0,0,0,0,0,0,0,0,0,0,1623974400
1631,0,4,9,325,1797,53,114,64,72,37,24,2161,0,0,16021,51,25,90,88,0,0,0,0,0,0,0,0,0,0,0,0,0,0,1624060800
1632,0,4,9,325,1797,53,114,64,72,37,24,2161,0,0,16021,51,25,90,88,0,0,0,0,0,0,0,0,0,0,0,0,0,0,1624147200
1633,0,4,9,325,1797,53,114,64,72,37,24,2161,0,0,16021,51,25,90,88,0,0,0,0,0,0,0,0,0,0,0,0,0,0,1624233600
1634,0,4,9,325,1797,53,114,64,72,37,24,2161,0,0,16021,51,25,90,88,0,0,0,0,0,0,0,0,0,0,0,0,0,0,1624320000
1635,0,4,9,325,1800,53,114,64,72,37,24,2164,0,0,16021,51,25,90,88,0,0,0,0,0,0,0,0,0,0,0,0,0,0,1624406400
1636,0,4,9,325,1804,53,114,64,72,37,24,2168,0,0,16021,51,25,90,88,0,0,0,0,0,0,0,0,0,0,0,0,0,0,1624492800
1637,0,4,9,325,1804,53,114,64,72,37,24,2168,0,0,16021,51,25,90,88,0,0,0,0,0,0,0,0,0,0,0,0,0,0,1624579200
1638,0,4,9,325,1804,53,114,64,72,37,24,2168,0,0,16021,51,25,90,88,0,0,0,0,0,0,0,0,0,0,0,0,0,0,1624665600
1639,0,4,9,325,1804,53,114,64,72,37,24,2168,0,0,16021,51,25,90,88,0,0,0,0,0,0,0,0,0,0,0,0,0,0,1624752000
1640,0,4,9,325,1806,53,114,64,72,37,24,2170,0,0,16021,51,25,90,88,0,0,0,0,0,0,0,0,0,0,0,0,0,0,1624838400
1641,0,4,9,325,1807,53,114,64,72,37,24,2171,0,0,16021,51,25,90,88,0,0,0,0,0,0,0,0,0,0,0,0,0,0,1624924800
1642,0,4,9,325,1809,53,114,64,72,38,24,2174,0,0,16021,51,25,90,88,0,0,0,0,0,0,0,0,0,0,0,0,0,0,1625011200
1643,0,4,9,325,1811,53,114,64,72,38,24,2176,0,0,16021,51,25,90,88,0,0,0,0,0,0,0,0,0,0,0,0,0,0,1625097600
1644,0,4,9,325,1814,53,114,64,72,38,24,2179,0,0,16021,51,25,90,88,0,0,0,0,0,0,0,0,0,0,0,0,0,0,1625184000
1645,0,4,9,325,1814,53,114,64,72,38,24,2179,0,0,16021,51,25,90,88,0,0,0,0,0,0,0,0,0,0,0,0,0,0,1625270400
1646,0,4,9,325,1814,53,114,64,72,38,24,2179,0,0,16021,51,25,90,88,0,0,0,0,0,0,0,0,0,0,0,0,0,0,1625356800
1647,0,4,9,325,1814,53,114,64,72,38,24,2179,0,0,16021,51,25,90,88,0,0,0,0,0,0,0,0,0,0,0,0,0,0,1625443200
1648,0,4,9,325,1814,53,114,64,72,38,24,2179,0,0,16021,51,25,90,88,0,0,0,0,0,0,0,0,0,0,0,0,0,0,1625529600
1649,0,4,9,325,1814,53,114,64,72,38,24,2179,0,0,16021,51,25,90,88,0,0,0,0,0,0,0,0,0,0,0,0,0,0,1625616000
1650,0,4,9,325,1814,53,114,64,72,38,24,2179,0,0,16021,51,25,90,88,0,0,0,0,0,0,0,0,0,0,0,0,0,0,1625702400
1651,0,4,9,325,1814,53,114,64,72,38,24,2179,0,0,16021,51,25,90,88,0,0,0,0,0,0,0,0,0,0,0,0,0,0,1625788800
1652,0,4,9,325,1814,53,114,64,72,38,24,2179,0,0,16021,51,25,90,88,0,0,0,0,0,0,0,0,0,0,0,0,0,0,1625875200
1653,0,4,9,325,1814,53,114,64,72,38,24,2179,0,0,16021,51,25,90,88,0,0,0,0,0,0,0,0,0,0,0,0,0,0,1625961600
1654,0,4,9,325,1814,53,114,64,72,38,24,2179,0,0,16021,51,25,90,88,0,0,0,0,0,0,0,0,0,0,0,0,0,0,1626048000
1655,0,4,9,325,1814,53,114,64,72,38,24,2179,0,0,16021,51,25,90,88,0,0,0,0,0,0,0,0,0,0,0,0,0,0,1626134400
1656,0,4,9,325,1814,53,114,64,72,38,24,2179,0,0,16021,51,25,90,88,0,0,0,0,0,0,0,0,0,0,0,0,0,0,1626220800
1657,0,4,9,325,1814,53,114,64,72,38,24,2179,0,0,16021,51,25,90,88,0,0,0,0,0,0,0,0,0,0,0,0,0,0,1626307200
1658,0,4,9,325,1814,53,114,64,72,38,24,2179,0,0,16021,51,25,90,88,0,0,0,0,0,0,0,0,0,0,0,0,0,0,1626393600
1659,0,4,9,325,1814,53,114,64,72,38,24,2179,0,0,16021,51,25,90,88,0,0,0,0,0,0,0,0,0,0,0,0,0,0,1626480000
1660,0,4,9,325,1814,53,114,64,72,38,24,2179,0,0,16021,51,25,90,88,0,0,0,0,0,0,0,0,0,0,0,0,0,0,1626566400
1661,0,4,9,325,1814,53,114,64,72,38,24,2179,0,0,16021,51,25,90,88,0,0,0,0,0,0,0,0,0,0,0,0,0,0,1626652800
1662,0,4,9,325,1814,53,114,64,72,38,24,2179,0,0,16021,51,25,90,88,0,0,0,0,0,0,0,0,0,0,0,0,0,0,1626739200
1663,0,4,9,325,1814,53,114,64,72,38,24,2179,0,0,16021,51,25,90,88,0,0,0,0,0,0,0,0,0,0,0,0,0,0,1626825600
1664,0,4,9,325,1815,53,114,64,72,38,24,2180,0,0,16021,51,25,90,88,0,0,0,0,0,0,0,0,0,0,0,0,0,0,1626912000
1665,0,4,9,325,1815,53,114,64,72,38,24,2180,0,0,16021,51,25,90,88,0,0,0,0,0,0,0,0,0,0,0,0,0,0,1626998400
1666,0,4,9,325,1815,53,114,64,72,38,24,2180,0,0,16021,51,25,90,88,0,0,0,0,0,0,0,0,0,0,0,0,0,0,1627084800
1667,0,4,9,325,1815,53,114,64,72,38,24,2180,0,0,16021,51,25,90,88,0,0,0,0,0,0,0,0,0,0,0,0,0,0,1627171200
1668,0,4,9,325,1815,53,114,64,72,38,24,2180,0,0,16021,51,25,90,88,0,0,0,0,0,0,0,0,0,0,0,0,0,0,1627257600
1669,0,4,9,325,1815,53,114,64,72,38,24,2180,0,0,16021,51,25,90,88,0,0,0,0,0,0,0,0,0,0,0,0,0,0,1627344000
1670,0,4,9,325,1816,53,114,64,72,38,24,2181,0,0,16021,51,25,90,88,0,0,0,0,0,0,0,0,0,0,0,0,0,0,1627430400
1671,0,4,9,325,1816,53,114,64,72,38,24,2181,0,0,16021,51,25,90,88,0,0,0,0,0,0,0,0,0,0,0,0,0,0,1627516800
1672,0,4,9,325,1816,53,114,64,72,38,24,2181,0,0,16021,51,25,90,88,0,0,0,0,0,0,0,0,0,0,0,0,0,0,1627603200
1673,0,4,9,325,1816,53,114,64,72,38,24,2181,0,0,16021,51,25,90,88,0,0,0,0,0,0,0,0,0,0,0,0,0,0,1627689600
1674,0,4,9,325,1816,53,114,64,72,38,24,2181,0,0,16021,51,25,90,88,0,0,0,0,0,0,0,0,0,0,0,0,0,0,1627776000
1675,0,4,9,325,1816,53,114,64,72,38,24,2181,0,0,16021,51,25,90,88,0,0,0,0,0,0,0,0,0,0,0,0,0,0,1627862400
1676,0,4,9,325,1816,53,114,64,72,38,24,2181,0,0,16021,51,25,90,88,0,0,0,0,0,0,0,0,0,0,0,0,0,0,1627948800
1677,0,4,9,325,1816,53,114,64,72,38,24,2181,0,0,16021,51,25,90,88,0,0,0,0,0,0,0,0,0,0,0,0,0,0,1628035200
1678,0,4,9,325,1816,53,114,64,72,38,24,2181,0,0,16021,51,25,90,88,0,0,0,0,0,0,0,0,0,0,0,0,0,0,1628121600
1679,0,4,9,325,1816,53,114,64,72,38,24,2181,0,0,16021,51,25,90,88,0,0,0,0,0,0,0,0,0,0,0,0,0,0,1628208000
1680,0,4,9,325,1816,53,114,64,72,38,24,2181,0,0,16021,51,25,90,88,0,0,0,0,0,0,0,0,0,0,0,0,0,0,1628294400
1681,0,4,9,325,1816,53,114,64,72,38,24,2181,0,0,16021,51,25,90,88,0,0,0,0,0,0,0,0,0,0,0,0,0,0,1628380800
1682,0,4,9,325,1816,53,114,64,72,38,24,2181,0,0,16021,51,25,90,88,0,0,0,0,0,0,0,0,0,0,0,0,0,0,1628467200
1683,0,4,9,325,1816,53,114,64,72,38,24,2181,0,0,16021,51,25,90,88,0,0,0,0,0,0,0,0,0,0,0,0,0,0,1628553600
1684,0,4,9,325,1816,53,114,64,72,38,24,2181,0,0,16021,51,25,90,88,0,0,0,0,0,0,0,0,0,0,0,0,0,0,1628640000
1685,0,4,9,325,1816,53,114,64,72,38,24,2181,0,0,16021,51,25,90,88,0,0,0,0,0,0,0,0,0,0,0,0,0,0,1628726400
1686,0,4,9,325,1816,53,114,64,72,38,24,2181,0,0,16021,51,25,90,88,0,0,0,0,0,0,0,0,0,0,0,0,0,0,1628812800
1687,0,4,9,325,1816,53,114,64,72,38,24,2181,0,0,16021,51,25,90,88,0,0,0,0,0,0,0,0,0,0,0,0,0,0,1628899200
1688,0,4,9,325,1817,53,114,64,72,38,24,2182,0,0,16021,51,25,90,88,0,0,0,0,0,0,0,0,0,0,0,0,0,0,1628985600
1689,0,4,9,325,1818,53,114,64,72,38,24,2183,0,0,16021,51,25,90,88,0,0,0,0,0,0,0,0,0,0,0,0,0,0,1629072000
1690,0,4,9,325,1818,53,114,64,72,38,24,2183,0,0,16021,51,25,90,88,0,0,0,0,0,0,0,0,0,0,0,0,0,0,1629158400
1691,0,4,9,325,1818,53,114,64,72,38,24,2183,0,0,16021,51,25,90,88,0,0,0,0,0,0,0,0,0,0,0,0,0,0,1629244800
1692,0,4,9,325,1823,53,114,64,72,38,24,2188,0,0,16021,51,25,90,88,0,0,0,0,0,0,0,0,0,0,0,0,0,0,1629331200
1693,0,4,9,325,1824,53,114,64,72,38,24,2189,0,0,16021,51,25,90,88,0,0,0,0,0,0,0,0,0,0,0,0,0,0,1629417600
1694,0,4,9,325,1825,53,114,64,72,38,24,2190,0,0,16021,51,25,90,88,0,0,0,0,0,0,0,0,0,0,0,0,0,0,1629504000
1695,0,4,9,325,1825,53,114,64,72,38,24,2190,0,0,16021,51,25,90,88,0,0,0,0,0,0,0,0,0,0,0,0,0,0,1629590400
1696,0,4,9,325,1825,53,114,64,72,38,24,2190,0,0,16021,51,25,90,88,0,0,0,0,0,0,0,0,0,0,0,0,0,0,1629676800
1697,0,4,9,325,1825,53,114,64,72,38,24,2190,0,0,16021,51,25,90,88,0,0,0,0,0,0,0,0,0,0,0,0,0,0,1629763200
1698,0,4,9,325,1825,53,114,64,72,38,24,2190,0,0,16021,51,25,90,88,0,0,0,0,0,0,0,0,0,0,0,0,0,0,1629849600
1699,0,4,9,325,1825,53,114,64,72,38,24,2190,0,0,16021,51,25,90,88,0,0,0,0,0,0,0,0,0,0,0,0,0,0,1629936000
1700,0,4,9,325,1825,53,114,64,72,38,24,2190,0,0,16021,51,25,90,88,0,0,0,0,0,0,0,0,0,0,0,0,0,0,1630022400
1701,0,4,9,325,1831,53,114,64,72,38,24,2196,0,0,16021,51,25,90,88,0,0,0,0,0,0,0,0,0,0,0,0,0,0,1630108800
1702,0,4,9,325,1831,53,114,64,72,38,24,2196,0,0,16021,51,25,90,88,0,0,0,0,0,0,0,0,0,0,0,0,0,0,1630195200
1703,0,4,9,325,1831,53,114,64,72,38,24,2196,0,0,16021,51,25,90,88,0,0,0,0,0,0,0,0,0,0,0,0,0,0,1630281600
1704,0,4,9,325,1831,53,114,64,72,38,24,2196,0,0,16021,51,25,90,88,0,0,0,0,0,0,0,0,0,0,0,0,0,0,1630368000
1705,0,4,9,325,1831,53,114,64,72,38,24,2196,0,0,16021,51,25,90,88,0,0,0,0,0,0,0,0,0,0,0,0,0,0,1630454400
1706,0,4,9,325,1834,53,114,64,72,38,24,2199,0,0,16021,51,25,90,88,0,0,0,0,0,0,0,0,0,0,0,0,0,0,1630540800
1707,0,4,9,325,1834,53,114,64,72,38,24,2199,0,0,16021,51,25,90,88,0,0,0,0,0,0,0,0,0,0,0,0,0,0,1630627200
1708,0,4,9,325,1834,53,114,64,72,38,24,2199,0,0,16021,51,25,90,88,0,0,0,0,0,0,0,0,0,0,0,0,0,0,1630713600
1709,0,4,9,325,1834,53,114,64,72,38,24,2199,0,0,16021,51,25,90,88,0,0,0,0,0,0,0,0,0,0,0,0,0,0,1630800000
1710,0,4,9,325,1834,53,114,64,72,38,24,2199,0,0,16021,51,25,90,88,0,0,0,0,0,0,0,0,0,0,0,0,0,0,1630886400
1711,0,4,9,325,1834,53,114,64,72,38,24,2199,0,0,16021,51,25,90,88,0,0,0,0,0,0,0,0,0,0,0,0,0,0,1630972800
1712,0,4,9,325,1834,53,114,64,72,38,24,2199,0,0,16021,51,25,90,88,0,0,0,0,0,0,0,0,0,0,0,0,0,0,1631059200
1713,0,4,9,325,1834,53,114,64,72,38,24,2199,0,0,16021,51,25,90,88,0,0,0,0,0,0,0,0,0,0,0,0,0,0,1631145600
1714,0,4,9,325,1834,53,114,64,72,38,24,2199,0,0,16021,51,25,90,88,0,0,0,0,0,0,0,0,0,0,0,0,0,0,1631232000
1715,0,4,9,325,1834,53,114,64,72,38,24,2199,0,0,16021,51,25,90,88,0,0,0,0,0,0,0,0,0,0,0,0,0,0,1631318400
1716,0,4,9,325,1834,53,114,64,72,38,24,2199,0,0,16021,51,25,90,88,0,0,0,0,0,0,0,0,0,0,0,0,0,0,1631404800
1717,0,4,9,325,1834,53,114,64,72,38,24,2199,0,0,16021,51,25,90,88,0,0,0,0,0,0,0,0,0,0,0,0,0,0,1631491200
1718,0,4,9,325,1834,53,114,64,72,38,24,2199,0,0,16021,51,25,90,88,0,0,0,0,0,0,0,0,0,0,0,0,0,0,1631577600
1719,0,4,9,325,1834,53,114,64,72,38,24,2199,0,0,16021,51,25,90,88,0,0,0,0,0,0,0,0,0,0,0,0,0,0,1631664000
1720,0,4,9,325,1834,53,114,64,72,38,24,2199,0,0,16021,51,25,90,88,0,0,0,0,0,0,0,0,0,0,0,0,0,0,1631750400
1721,0,4,9,325,1834,53,114,64,72,38,24,2199,0,0,16021,51,25,90,88,0,0,0,0,0,0,0,0,0,0,0,0,0,0,1631836800
1722,0,4,9,325,1834,53,114,64,72,38,24,2199,0,0,16021,51,25,90,88,0,0,0,0,0,0,0,0,0,0,0,0,0,0,1631923200
1723,0,4,9,325,1835,53,114,64,72,38,24,2200,0,0,16021,51,25,90,88,0,0,0,0,0,0,0,0,0,0,0,0,0,0,1632009600
1724,0,4,9,325,1835,53,114,64,72,38,24,2200,0,0,16021,51,25,90,88,0,0,0,0,0,0,0,0,0,0,0,0,0,0,1632096000
1725,0,4,9,325,1835,53,114,64,72,38,24,2200,0,0,16021,51,25,90,88,0,0,0,0,0,0,0,0,0,0,0,0,0,0,1632182400
1726,0,4,9,325,1835,53,114,64,72,38,24,2200,0,0,16021,51,25,90,88,0,0,0,0,0,0,0,0,0,0,0,0,0,0,1632268800
1727,0,4,9,325,1835,53,114,64,72,38,24,2200,0,0,16021,51,25,90,88,0,0,0,0,0,0,0,0,0,0,0,0,0,0,1632355200
1728,0,4,9,325,1835,53,114,64,72,38,24,2200,0,0,16021,51,25,90,88,0,0,0,0,0,0,0,0,0,0,0,0,0,0,1632441600
1729,0,4,9,325,1835,53,114,64,72,38,24,2200,0,0,16021,51,25,90,88,0,0,0,0,0,0,0,0,0,0,0,0,0,0,1632528000
1730,0,4,9,325,1835,53,114,64,72,38,24,2200,0,0,16021,51,25,90,88,0,0,0,0,0,0,0,0,0,0,0,0,0,0,1632614400
1731,0,4,9,325,1836,53,115,65,72,38,24,2203,0,0,16021,51,25,90,88,0,0,0,0,0,0,0,0,0,0,0,0,0,0,1632700800
1732,0,4,9,325,1836,53,115,65,72,38,24,2203,0,0,16021,51,25,90,88,0,0,0,0,0,0,0,0,0,0,0,0,0,0,1632787200
1733,0,4,9,325,1836,53,115,65,72,38,24,2203,0,0,16021,51,25,90,88,0,0,0,0,0,0,0,0,0,0,0,0,0,0,1632873600
1734,0,4,9,325,1836,53,115,65,72,38,24,2203,0,0,16021,51,25,90,88,0,0,0,0,0,0,0,0,0,0,0,0,0,0,1632960000
1735,0,4,9,325,1836,53,115,65,72,38,24,2203,0,0,16021,51,25,90,88,0,0,0,0,0,0,0,0,0,0,0,0,0,0,1633046400
1736,0,4,9,325,1836,53,115,65,72,38,24,2203,0,0,16021,51,25,90,88,0,0,0,0,0,0,0,0,0,0,0,0,0,0,1633132800
1737,0,4,9,325,1836,53,115,65,72,38,24,2203,0,0,16021,51,25,90,88,0,0,0,0,0,0,0,0,0,0,0,0,0,0,1633219200
1738,0,4,9,325,1836,53,115,65,72,38,24,2203,0,0,16021,51,25,90,88,0,0,0,0,0,0,0,0,0,0,0,0,0,0,1633305600
1739,0,4,9,325,1836,53,115,65,72,38,24,2203,0,0,16021,51,25,90,88,0,0,0,0,0,0,0,0,0,0,0,0,0,0,1633392000
1740,0,4,9,325,1836,53,115,65,72,38,24,2203,0,0,16021,51,25,90,88,0,0,0,0,0,0,0,0,0,0,0,0,0,0,1633478400
1741,0,4,9,325,1836,53,115,65,72,38,24,2203,0,0,16021,51,25,90,88,0,0,0,0,0,0,0,0,0,0,0,0,0,0,1633564800
1742,0,4,9,325,1836,53,115,65,72,38,24,2203,0,0,16021,51,25,90,88,0,0,0,0,0,0,0,0,0,0,0,0,0,0,1633651200
1743,0,4,9,325,1836,53,115,65,72,38,24,2203,0,0,16021,51,25,90,88,0,0,0,0,0,0,0,0,0,0,0,0,0,0,1633737600
1744,0,4,9,325,1836,53,115,65,72,38,24,2203,0,0,16021,51,25,90,88,0,0,0,0,0,0,0,0,0,0,0,0,0,0,1633824000
1745,0,4,9,325,1836,53,115,65,72,38,24,2203,0,0,16021,51,25,90,88,0,0,0,0,0,0,0,0,0,0,0,0,0,0,1633910400
1746,0,4,9,325,1836,53,115,65,72,38,24,2203,0,0,16021,51,25,90,88,0,0,0,0,0,0,0,0,0,0,0,0,0,0,1633996800
1747,0,4,9,325,1837,53,115,65,72,38,24,2204,0,0,16021,51,25,90,88,0,0,0,0,0,0,0,0,0,0,0,0,0,0,1634083200
1748,0,4,9,325,1837,53,115,65,72,38,24,2204,0,0,16021,51,25,90,88,0,0,0,0,0,0,0,0,0,0,0,0,0,0,1634169600
1749,0,4,9,325,1837,53,115,65,72,38,24,2204,0,0,16021,51,25,90,88,0,0,0,0,0,0,0,0,0,0,0,0,0,0,1634256000
1750,0,4,9,325,1837,53,115,65,72,38,24,2204,0,0,16021,51,25,90,88,0,0,0,0,0,0,0,0,0,0,0,0,0,0,1634342400
1751,0,4,9,325,1838,53,115,65,72,38,24,2205,0,0,16021,51,25,90,88,0,0,0,0,0,0,0,0,0,0,0,0,0,0,1634428800
1752,0,4,9,325,1839,53,115,65,72,38,24,2206,0,0,16021,51,25,90,88,0,0,0,0,0,0,0,0,0,0,0,0,0,0,1634515200
1753,0,4,9,325,1839,53,115,65,72,38,24,2206,0,0,16021,51,25,90,88,0,0,0,0,0,0,0,0,0,0,0,0,0,0,1634601600
1754,0,4,9,325,1839,53,115,65,72,38,24,2206,0,0,16021,51,25,90,88,0,0,0,0,0,0,0,0,0,0,0,0,0,0,1634688000
1755,0,4,9,325,1839,53,115,65,72,38,24,2206,0,0,16021,51,25,90,88,0,0,0,0,0,0,0,0,0,0,0,0,0,0,1634774400
1756,0,4,9,325,1839,53,115,65,72,38,24,2206,0,0,16021,51,25,90,88,0,0,0,0,0,0,0,0,0,0,0,0,0,0,1634860800
1757,0,4,9,325,1839,53,115,65,72,38,24,2206,0,0,16021,51,25,90,88,0,0,0,0,0,0,0,0,0,0,0,0,0,0,1634947200
1758,0,4,9,325,1839,53,115,65,72,38,24,2206,0,0,16021,51,25,90,88,0,0,0,0,0,0,0,0,0,0,0,0,0,0,1635033600
1759,0,4,9,325,1840,53,115,65,72,38,24,2207,0,0,16021,51,25,90,88,0,0,0,0,0,0,0,0,0,0,0,0,0,0,1635120000
1760,0,4,9,325,1840,53,115,65,72,38,24,2207,0,0,16021,51,25,90,88,0,0,0,0,0,0,0,0,0,0,0,0,0,0,1635206400
1761,0,4,9,325,1840,53,115,65,72,38,24,2207,0,0,16021,51,25,90,88,0,0,0,0,0,0,0,0,0,0,0,0,0,0,1635292800
1762,0,4,9,325,1842,53,115,65,72,38,24,2209,0,0,16021,51,25,90,88,0,0,0,0,0,0,0,0,0,0,0,0,0,0,1635379200
1763,0,4,9,325,1842,53,115,65,72,38,24,2209,0,0,16021,51,25,90,88,0,0,0,0,0,0,0,0,0,0,0,0,0,0,1635465600
1764,0,4,9,325,1842,53,115,65,72,38,24,2209,0,0,16021,51,25,90,88,0,0,0,0,0,0,0,0,0,0,0,0,0,0,1635552000
1765,0,4,9,325,1842,53,115,65,72,38,24,2209,0,0,16021,51,25,90,88,0,0,0,0,0,0,0,0,0,0,0,0,0,0,1635638400
1766,0,4,9,325,1843,53,115,65,72,38,24,2210,0,0,16021,51,25,90,88,0,0,0,0,0,0,0,0,0,0,0,0,0,0,1635724800
1767,0,4,9,325,1844,53,115,65,72,38,24,2211,0,0,16021,51,25,90,88,0,0,0,0,0,0,0,0,0,0,0,0,0,0,1635811200
1768,0,4,9,325,1846,53,115,65,72,38,24,2213,0,0,16021,51,25,90,88,0,0,0,0,0,0,0,0,0,0,0,0,0,0,1635897600
1769,0,4,9,325,1848,53,115,65,72,38,24,2215,0,0,16021,51,25,90,88,0,0,0,0,0,0,0,0,0,0,0,0,0,0,1635984000
1770,0,4,9,325,1849,53,115,65,72,38,24,2216,0,0,16021,51,25,90,88,0,0,0,0,0,0,0,0,0,0,0,0,0,0,1636070400
1771,0,4,9,325,1851,53,115,65,72,38,24,2218,0,0,16021,51,25,90,88,0,0,0,0,0,0,0,0,0,0,0,0,0,0,1636156800
1772,0,4,9,325,1867,53,115,65,72,38,24,2234,0,0,16021,51,25,90,88,0,0,0,0,0,0,0,0,0,0,0,0,0,0,1636243200
1773,0,4,9,325,1879,53,115,65,72,38,24,2246,0,0,16021,51,25,90,88,0,0,0,0,0,0,0,0,0,0,0,0,0,0,1636329600
1774,0,4,9,325,1879,53,115,65,72,38,24,2246,0,0,16021,51,25,90,88,0,0,0,0,0,0,0,0,0,0,0,0,0,0,1636416000
1775,0,4,9,325,1885,53,115,65,72,38,24,2252,0,0,16021,51,25,90,88,0,0,0,0,0,0,0,0,0,0,0,0,0,0,1636502400
1776,0,4,9,325,1886,53,115,65,72,38,24,2253,0,0,16021,51,25,90,88,0,0,0,0,0,0,0,0,0,0,0,0,0,0,1636588800
1777,0,4,9,325,1886,53,115,65,72,38,24,2253,0,0,16021,51,25,90,88,0,0,0,0,0,0,0,0,0,0,0,0,0,0,1636675200
1778,0,4,9,325,1886,53,115,65,72,38,24,2253,0,0,16021,51,25,90,88,0,0,0,0,0,0,0,0,0,0,0,0,0,0,1636761600
1779,0,4,9,325,1886,53,115,65,72,38,24,2253,0,0,16021,51,25,90,88,0,0,0,0,0,0,0,0,0,0,0,0,0,0,1636848000
1780,0,4,9,325,1886,53,115,65,72,38,24,2253,0,0,16021,51,25,90,88,0,0,0,0,0,0,0,0,0,0,0,0,0,0,1636934400
1781,0,4,9,325,1886,53,115,65,72,38,24,2253,0,0,16021,51,25,90,88,0,0,0,0,0,0,0,0,0,0,0,0,0,0,1637020800
1782,0,4,9,325,1888,53,115,65,72,38,24,2255,0,0,16021,51,25,90,88,0,0,0,0,0,0,0,0,0,0,0,0,0,0,1637107200
1783,0,4,9,325,1893,53,115,65,72,38,24,2260,0,0,16021,51,25,90,88,0,0,0,0,0,0,0,0,0,0,0,0,0,0,1637193600
1784,0,4,9,325,1893,53,115,65,72,38,24,2260,0,0,16021,51,25,90,88,0,0,0,0,0,0,0,0,0,0,0,0,0,0,1637280000
1785,0,4,9,325,1893,53,115,65,72,38,24,2260,0,0,16021,51,25,90,88,0,0,0,0,0,0,0,0,0,0,0,0,0,0,1637366400
1786,0,4,9,325,1896,53,115,65,72,38,24,2263,0,0,16021,51,25,90,88,0,0,0,0,0,0,0,0,0,0,0,0,0,0,1637452800
1787,0,4,9,325,1896,53,115,65,72,38,24,2263,0,0,16021,51,25,90,88,0,0,0,0,0,0,0,0,0,0,0,0,0,0,1637539200
1788,0,4,9,325,1896,53,115,65,72,38,24,2263,0,0,16021,51,25,90,88,0,0,0,0,0,0,0,0,0,0,0,0,0,0,1637625600
1789,0,4,9,325,1918,53,115,65,72,38,24,2285,0,0,16021,51,25,90,88,0,0,0,0,0,0,0,0,0,0,0,0,0,0,1637712000
1790,0,4,9,325,1918,53,115,65,72,38,24,2285,0,0,16021,51,25,90,88,0,0,0,0,0,0,0,0,0,0,0,0,0,0,1637798400
1791,0,4,9,325,1918,53,115,65,72,38,24,2285,0,0,16021,51,25,90,88,0,0,0,0,0,0,0,0,0,0,0,0,0,0,1637884800
1792,0,4,9,325,1920,53,115,65,72,38,24,2287,0,0,16021,51,25,90,88,0,0,0,0,0,0,0,0,0,0,0,0,0,0,1637971200
1793,0,4,9,325,1920,53,115,65,72,38,24,2287,0,0,16021,51,25,90,88,0,0,0,0,0,0,0,0,0,0,0,0,0,0,1638057600
1794,0,4,9,325,1926,53,115,65,72,38,24,2293,0,0,16021,51,25,90,88,0,0,0,0,0,0,0,0,0,0,0,0,0,0,1638144000
1795,0,4,9,325,1926,53,115,65,72,38,24,2293,0,0,16021,51,25,90,88,0,0,0,0,0,0,0,0,0,0,0,0,0,0,1638230400
1796,0,4,9,325,1926,53,115,65,72,38,24,2293,0,0,16021,51,25,90,88,0,0,0,0,0,0,0,0,0,0,0,0,0,0,1638316800
1797,0,4,9,325,1928,53,115,65,72,38,24,2295,0,0,16021,51,25,90,88,0,0,0,0,0,0,0,0,0,0,0,0,0,0,1638403200
1798,0,4,9,325,1929,53,115,65,72,38,24,2296,0,0,16021,51,25,90,88,0,0,0,0,0,0,0,0,0,0,0,0,0,0,1638489600
1799,0,4,9,325,1929,53,115,65,72,38,24,2296,0,0,16021,51,25,90,88,0,0,0,0,0,0,0,0,0,0,0,0,0,0,1638576000
1800,0,4,9,325,1929,53,115,65,72,38,24,2296,0,0,16021,51,25,90,88,0,0,0,0,0,0,0,0,0,0,0,0,0,0,1638662400
1801,0,4,9,325,1929,53,115,65,72,38,24,2296,0,0,16021,51,25,90,88,0,0,0,0,0,0,0,0,0,0,0,0,0,0,1638748800
1802,0,4,9,325,1929,53,115,65,72,38,24,2296,0,0,16021,51,25,90,88,0,0,0,0,0,0,0,0,0,0,0,0,0,0,1638835200
1803,0,4,9,325,1929,53,115,65,72,38,24,2296,0,0,16021,51,25,90,88,0,0,0,0,0,0,0,0,0,0,0,0,0,0,1638921600
1804,0,4,9,325,1929,53,115,65,72,38,24,2296,0,0,16021,51,25,90,88,0,0,0,0,0,0,0,0,0,0,0,0,0,0,1639008000
1805,0,4,9,325,1929,53,115,65,72,38,24,2296,0,0,16021,51,25,90,88,0,0,0,0,0,0,0,0,0,0,0,0,0,0,1639094400
1806,0,4,9,325,1929,53,115,65,72,38,24,2296,0,0,16021,51,25,90,88,0,0,0,0,0,0,0,0,0,0,0,0,0,0,1639180800
1807,0,4,9,325,1929,53,115,65,72,38,24,2296,0,0,16021,51,25,90,88,0,0,0,0,0,0,0,0,0,0,0,0,0,0,1639267200
1808,0,4,9,325,1929,53,115,65,72,38,24,2296,0,0,16021,51,25,90,88,0,0,0,0,0,0,0,0,0,0,0,0,0,0,1639353600
1809,0,4,9,325,1929,53,115,65,72,38,24,2296,0,0,16021,51,25,90,88,0,0,0,0,0,0,0,0,0,0,0,0,0,0,1639440000
1810,0,4,9,325,1929,53,115,65,72,38,24,2296,0,0,16021,51,25,90,88,0,0,0,0,0,0,0,0,0,0,0,0,0,0,1639526400
1811,0,4,9,325,1929,53,115,65,72,38,24,2296,0,0,16021,51,25,90,88,0,0,0,0,0,0,0,0,0,0,0,0,0,0,1639612800
1812,0,4,9,325,1929,53,115,65,72,38,24,2296,0,0,16021,51,25,90,88,0,0,0,0,0,0,0,0,0,0,0,0,0,0,1639699200
1813,0,4,9,325,1929,53,115,65,72,38,24,2296,0,0,16021,51,25,90,88,0,0,0,0,0,0,0,0,0,0,0,0,0,0,1639785600
1814,0,4,9,325,1929,53,115,65,72,38,24,2296,0,0,16021,51,25,90,88,0,0,0,0,0,0,0,0,0,0,0,0,0,0,1639872000
1815,0,4,9,325,1929,53,115,65,72,38,24,2296,0,0,16021,51,25,90,88,0,0,0,0,0,0,0,0,0,0,0,0,0,0,1639958400
1816,0,4,9,325,1929,53,115,65,72,38,24,2296,0,0,16021,51,25,90,88,0,0,0,0,0,0,0,0,0,0,0,0,0,0,1640044800
1817,0,4,9,325,1929,53,115,66,72,38,24,2297,0,0,16021,51,25,90,88,0,0,0,0,0,0,0,0,0,0,0,0,0,0,1640131200
1818,0,4,9,325,1929,53,115,66,72,38,24,2297,0,0,16021,51,25,90,88,0,0,0,0,0,0,0,0,0,0,0,0,0,0,1640217600
1819,0,4,9,325,1929,53,115,66,72,38,24,2297,0,0,16021,51,25,90,88,0,0,0,0,0,0,0,0,0,0,0,0,0,0,1640304000
1820,0,4,9,325,1929,53,115,66,72,38,24,2297,0,0,16021,51,25,90,88,0,0,0,0,0,0,0,0,0,0,0,0,0,0,1640390400
1821,0,4,9,325,1929,53,115,66,72,38,24,2297,0,0,16021,51,25,90,88,0,0,0,0,0,0,0,0,0,0,0,0,0,0,1640476800
1822,0,4,9,325,1929,53,115,66,72,38,24,2297,0,0,16021,51,25,90,88,0,0,0,0,0,0,0,0,0,0,0,0,0,0,1640563200
1823,0,4,9,325,1929,53,115,66,72,38,24,2297,0,0,16021,51,25,90,88,0,0,0,0,0,0,0,0,0,0,0,0,0,0,1640649600
1824,0,4,9,325,1929,53,115,66,72,38,24,2297,0,0,16021,51,25,90,88,0,0,0,0,0,0,0,0,0,0,0,0,0,0,1640736000
1825,0,4,9,325,1929,53,115,66,72,38,24,2297,0,0,16021,51,25,90,88,0,0,0,0,0,0,0,0,0,0,0,0,0,0,1640822400
